1413394881555760384 5541
1413394881605760512 5831
1413394881655760384 5617
1413394881705760512 5388
1413394881755760384 5820
1413394881805760512 5759
1413394881855760384 5721
1413394881905760512 5640
1413394881955760384 5572
1413394882005760512 5607
1413394882055760384 5624
1413394882105760512 5396
1413394882155760384 5588
1413394882205760512 5862
1413394882255760384 5665
1413394882305760512 5608
1413394882355760384 5512
1413394882405760512 5770
1413394882455760384 5715
1413394882505760512 5551
1413394882555760384 5684
1413394882605760512 5758
1413394882655760384 5622
1413394882705760512 5565
1413394882755760384 5871
1413394882805760512 5635
1413394882855760384 5688
1413394882905760512 5542
1413394882955760384 5846
1413394883005760512 5465
1413394883055760384 5721
1413394883105760512 5841
1413394883155760384 5753
1413394883205760512 5945
1413394883255760384 5772
1413394883305760512 5578
1413394883355760384 5691
1413394883405760512 5601
1413394883455760384 5557
1413394883505760512 5571
1413394883555760384 5504
1413394883605760512 5547
1413394883655760384 5764
1413394883705760512 5795
1413394883755760384 5761
1413394883805760512 5599
1413394883855760384 5767
1413394883905760512 5659
1413394883955760384 5596
1413394884005760512 5633
1413394884055760384 5623
1413394884105760512 5559
1413394884155760384 5811
1413394884205760512 5704
1413394884255760384 5727
1413394884305760512 5729
1413394884355760384 5630
1413394884405760512 5594
1413394884455760384 5561
1413394884505760512 5569
1413394884555760384 5719
1413394884605760512 5680
1413394884655760384 5616
1413394884705760512 5826
1413394884755760384 5736
1413394884805760512 5651
1413394884855760384 5667
1413394884905760512 5683
1413394884955760384 5621
1413394885005760512 5628
1413394885055760384 5770
1413394885105760512 5713
1413394885155760384 5628
1413394885205760512 5869
1413394885255760384 5837
1413394885305760512 5624
1413394885355760384 5693
1413394885405760512 6011
1413394885455760384 5807
1413394885505760512 5789
1413394885555760384 5655
1413394885605760512 5572
1413394885655760384 5650
1413394885705760512 5566
1413394885755760384 5846
1413394885805760512 5624
1413394885855760384 5705
1413394885905760512 5572
1413394885955760384 5705
1413394886005760512 5596
1413394886055760384 5841
1413394886105760512 5531
1413394886155760384 5730
1413394886205760512 5741
1413394886255760384 5892
1413394886305760512 5700
1413394886355760384 5529
1413394886405760512 5530
1413394886455760384 5556
1413394886505760512 5517
1413394886555760384 5527
1413394886605760512 5432
1413394886655760384 5552
1413394886705760512 5586
1413394886755760384 5538
1413394886805760512 5602
1413394886855760384 5567
1413394886905760512 5677
1413394886955760384 5430
1413394887005760512 5345
1413394887055760384 5653
1413394887105760512 5234
1413394887155760384 5381
1413394887205760512 5184
1413394887255760384 5138
1413394887305760512 5548
1413394887355760384 5661
1413394887405760512 5427
1413394887455760384 5507
G 
1413394887505760512 5497
G 
1413394887555760384 5478
G 
1413394887605760512 5516
G 
1413394887655760384 5443
G 
1413394887705760512 5573
G 
1413394887755760384 5462
G 
1413394887805760512 5450
G 
1413394887855760384 5532
G 
1413394887905760512 5470
G 
1413394887955760384 5423
G 
1413394888005760512 5478
G 
1413394888055760384 5330
G 
1413394888105760512 4859
G 
1413394888155760384 4958
G 
1413394888205760512 5457
G 
1413394888255760384 5153
G 
1413394888305760512 5412
G 
1413394888355760384 5509
G 
1413394888405760512 5562
G 
1413394888455760384 5613
G 
1413394888505760512 5681
G 
1413394888555760384 5555
G 
1413394888605760512 5736
G 
1413394888655760384 5682
G 
1413394888705760512 5227
G 
1413394888755760384 5138
G 
1413394888805760512 5327
G 
1413394888855760384 5274
G 
1413394888905760512 5253
G 
1413394888955760384 5401
G 
1413394889005760512 5565
G 
1413394889055760384 5153
G 
1413394889105760512 5548
G 
1413394889155760384 5240
G 
1413394889205760512 4945
G 
1413394889255760384 4769
G 
1413394889305760512 4330
G 
1413394889355760384 4445
G 
1413394889405760512 4177
G 
1413394889455760384 4387
G 
1413394889505760512 4714
G 
1413394889555760384 4548
G 
1413394889605760512 4398
G 
1413394889655760384 4223
G 
1413394889705760512 4279
G 
1413394889755760384 4129
G 
1413394889805760512 4623
G 
1413394889855760384 4596
G 
1413394889905760512 4689
G 
1413394889955760384 5208
G 
1413394890005760512 5225
G 
1413394890055760384 5996
G 
1413394890105760512 6569
G 
1413394890155760384 5808
G 
1413394890205760512 4762
G 
1413394890255760384 4122
G 
1413394890305760512 4335
G 
1413394890355760384 4516
G 
1413394890405760512 4489
G 
1413394890455760384 4431
G 
1413394890505760512 4534
G 
1413394890555760384 4461
G 
1413394890605760512 4475
G 
1413394890655760384 4661
G 
1413394890705760512 4659
G 
1413394890755760384 4575
G 
1413394890805760512 4412
G 
1413394890855760384 4261
G 
1413394890905760512 4086
G 
1413394890955760384 4245
G 
1413394891005760512 4481
G 
1413394891055760384 4486
G 
1413394891105760512 4512
G 
1413394891155760384 4998
G 
1413394891205760512 5025
G 
1413394891255760384 5798
G 
1413394891305760512 6174
G 
1413394891355760384 5937
G 
1413394891405760512 5112
G 
1413394891455760384 4686
G 
1413394891505760512 4554
G 
1413394891555760384 4531
G 
1413394891605760512 4667
G 
1413394891655760384 4749
G 
1413394891705760512 4389
G 
1413394891755760384 5047
G 
1413394891805760512 4372
G 
1413394891855760384 4411
G 
1413394891905760512 4344
G 
1413394891955760384 4182
G 
1413394892005760512 4365
G 
1413394892055760384 4020
G 
1413394892105760512 4307
G 
1413394892155760384 4282
G 
1413394892205760512 4306
G 
1413394892255760384 3725
G 
1413394892305760512 3963
G 
1413394892355760384 4158
G 
1413394892405760512 4221
G 
1413394892455760384 4560
G 
1413394892505760512 4491
G 
1413394892555760384 4542
G 
1413394892605760512 4588
G 
1413394892655760384 4659
G 
1413394892705760512 4344
G 
1413394892755760384 4389
G 
1413394892805760512 4427
G 
1413394892855760384 4439
G 
1413394892905760512 3767
G 
1413394892955760384 3957
G 
1413394893005760512 4117
G 
1413394893055760384 3947
G 
1413394893105760512 4350
G 
1413394893155760384 4179
G 
1413394893205760512 3997
G 
1413394893255760384 4175
G 
1413394893305760512 3988
G 
1413394893355760384 4145
G 
1413394893405760512 4610
G 
1413394893455760384 4324
G 
1413394893505760512 4050
G 
1413394893555760384 4277
G 
1413394893605760512 4386
G 
1413394893655760384 4382
G 
1413394893705760512 4455
G 
1413394893755760384 4481
G 
1413394893805760512 4387
G 
1413394893855760384 4584
G 
1413394893905760512 4488
G 
1413394893955760384 4455
G 
1413394894005760512 4587
G 
1413394894055760384 4661
G 
1413394894105760512 4654
G 
1413394894155760384 4505
G 
1413394894205760512 4607
G 
1413394894255760384 4619
G 
1413394894305760512 4822
G 
1413394894355760384 4923
G 
1413394894405760512 4874
G 
1413394894455760384 5149
G 
1413394894505760512 4897
G 
1413394894555760384 4994
G 
1413394894605760512 4967
G 
1413394894655760384 4782
G 
1413394894705760512 4901
G 
1413394894755760384 4858
G 
1413394894805760512 4849
B 
1413394894855760384 5049
B 
1413394894905760512 4865
B 
1413394894955760384 5134
B 
1413394895005760512 5230
B 
1413394895055760384 4903
B 
1413394895105760512 5143
B 
1413394895155760384 4919
B 
1413394895205760512 5251
B 
1413394895255760384 5138
B 
1413394895305760512 5131
B 
1413394895355760384 5329
B 
1413394895405760512 5304
B 
1413394895455760384 5363
B 
1413394895505760512 5584
B 
1413394895555760384 5615
B 
1413394895605760512 5530
B 
1413394895655760384 5648
B 
1413394895705760512 5631
B 
1413394895755760384 5691
B 
1413394895805760512 5473
B 
1413394895855760384 5438
B 
1413394895905760512 5479
B 
1413394895955760384 5505
B 
1413394896005760512 5446
B 
1413394896055760384 5615
B 
1413394896105760512 5518
B 
1413394896155760384 5490
B 
1413394896205760512 5434
B 
1413394896255760384 5481
B 
1413394896305760512 5433
B 
1413394896355760384 5455
B 
1413394896405760512 5392
B 
1413394896455760384 5605
B 
1413394896505760512 5475
B 
1413394896555760384 5532
B 
1413394896605760512 5577
B 
1413394896655760384 5635
B 
1413394896705760512 5690
B 
1413394896755760384 5641
B 
1413394896805760512 5614
B 
1413394896855760384 5566
B 
1413394896905760512 5554
B 
1413394896955760384 5814
B 
1413394897005760512 5645
B 
1413394897055760384 5731
B 
1413394897105760512 5903
B 
1413394897155760384 5948
B 
1413394897205760512 6010
B 
1413394897255760384 5721
B 
1413394897305760512 5705
B 
1413394897355760384 5732
B 
1413394897405760512 5812
B 
1413394897455760384 5757
B 
1413394897505760512 5779
B 
1413394897555760384 5649
B 
1413394897605760512 5707
B 
1413394897655760384 5438
B 
1413394897705760512 5384
B 
1413394897755760384 5539
B 
1413394897805760512 5298
B 
1413394897855760384 5909
1413394897905760512 5447
1413394897955760384 5654
1413394898005760512 5405
1413394898055760384 5955
1413394898105760512 5928
1413394898155760384 5777
1413394898205760512 5631
1413394898255760384 6283
1413394898305760512 6219
1413394898355760384 5788
1413394898405760512 5645
1413394898455760384 5640
1413394898505760512 5579
1413394898555760384 5410
1413394898605760512 5503
1413394898655760384 5338
1413394898705760512 4999
1413394898755760384 4958
1413394898805760512 5081
1413394898855760384 5520
1413394898905760512 5169
1413394898955760384 4931
1413394899005760512 4786
1413394899055760384 4609
G 
1413394899105760512 4750
G 
1413394899155760384 4671
G 
1413394899205760512 4860
G 
1413394899255760384 4556
G 
1413394899305760512 4826
G 
1413394899355760384 4888
G 
1413394899405760512 4871
G 
1413394899455760384 4885
G 
1413394899505760512 4920
G 
1413394899555760384 4776
G 
1413394899605760512 4901
G 
1413394899655760384 4879
G 
1413394899705760512 4906
G 
1413394899755760384 5011
G 
1413394899805760512 4849
G 
1413394899855760384 5002
G 
1413394899905760512 4781
G 
1413394899955760384 4898
G 
1413394900005760512 4752
G 
1413394900055760384 5029
G 
1413394900105760512 4914
G 
1413394900155760384 5232
G 
1413394900205760512 5221
G 
1413394900255760384 5344
G 
1413394900305760512 5223
G 
1413394900355760384 5228
G 
1413394900405760512 5380
G 
1413394900455760384 5180
G 
1413394900505760512 5234
G 
1413394900555760384 5158
G 
1413394900605760512 5146
G 
1413394900655760384 5112
G 
1413394900705760512 5166
G 
1413394900755760384 5143
G 
1413394900805760512 5131
G 
1413394900855760384 5178
G 
1413394900905760512 5192
G 
1413394900955760384 5075
G 
1413394901005760512 5086
G 
1413394901055760384 5091
G 
1413394901105760512 5066
G 
1413394901155760384 4758
G 
1413394901205760512 4865
G 
1413394901255760384 4856
G 
1413394901305760512 5139
G 
1413394901355760384 4792
G 
1413394901405760512 4824
G 
1413394901455760384 4860
G 
1413394901505760512 4663
G 
1413394901555760384 4900
G 
1413394901605760512 4786
G 
1413394901655760384 4981
G 
1413394901705760512 5057
G 
1413394901755760384 5090
G 
1413394901805760512 5153
G 
1413394901855760384 5340
G 
1413394901905760512 5687
G 
1413394901955760384 5559
G 
1413394902005760512 5622
G 
1413394902055760384 6030
G 
1413394902105760512 6117
G 
1413394902155760384 6352
G 
1413394902205760512 6624
G 
1413394902255760384 6618
G 
1413394902305760512 6299
B 
1413394902355760384 6745
B 
1413394902405760512 6893
B 
1413394902455760384 6624
B 
1413394902505760512 6689
B 
1413394902555760384 6643
B 
1413394902605760512 6440
B 
1413394902655760384 7144
B 
1413394902705760512 7568
B 
1413394902755760384 7917
B 
1413394902805760512 8682
B 
1413394902855760384 9000
B 
1413394902905760512 9145
B 
1413394902955760384 9449
B 
1413394903055760384 9352
B 
1413394903155760384 8736
B 
1413394903255760384 8449
B 
1413394903355760384 8715
B 
1413394903455760384 8701
B 
1413394903555760384 8849
B 
1413394903605760512 9034
B 
1413394903655760384 9113
B 
1413394903705760512 8527
B 
1413394903755760384 8645
B 
1413394903805760512 8670
B 
1413394903855760384 8835
B 
1413394903905760512 8739
B 
1413394903955760384 8718
B 
1413394904005760512 8684
B 
1413394904055760384 8385
B 
1413394904105760512 8404
B 
1413394904155760384 8023
B 
1413394904205760512 7716
B 
1413394904255760384 7192
B 
1413394904305760512 6905
B 
1413394904355760384 6755
B 
1413394904405760512 6826
B 
1413394904455760384 6651
B 
1413394904505760512 6400
B 
1413394904555760384 5939
B 
1413394904605760512 5726
B 
1413394904655760384 5995
B 
1413394904705760512 5977
B 
1413394904755760384 6056
B 
1413394904805760512 5815
B 
1413394904855760384 5966
B 
1413394904905760512 5627
B 
1413394904955760384 5514
B 
1413394905005760512 5738
B 
1413394905055760384 5061
B 
1413394905105760512 4919
B 
1413394905155760384 4839
B 
1413394905205760512 4421
B 
1413394905255760384 4561
B 
1413394905305760512 4442
B 
1413394905355760384 5256
B 
1413394905405760512 6101
1413394905455760384 6650
1413394905505760512 6704
1413394905555760384 6959
1413394905605760512 6701
1413394905655760384 6477
1413394905705760512 5664
G 
1413394905755760384 5617
G 
1413394905805760512 5125
G 
1413394905855760384 4992
G 
1413394905905760512 5024
G 
1413394905955760384 4613
G 
1413394906005760512 4410
G 
1413394906055760384 4494
G 
1413394906105760512 4650
G 
1413394906155760384 4932
G 
1413394906205760512 4986
G 
1413394906255760384 4744
G 
1413394906305760512 4640
G 
1413394906355760384 4562
G 
1413394906405760512 4597
G 
1413394906455760384 4487
G 
1413394906505760512 4419
G 
1413394906555760384 5173
G 
1413394906605760512 5081
G 
1413394906655760384 5050
G 
1413394906705760512 5257
G 
1413394906755760384 5168
G 
1413394906805760512 4873
G 
1413394906855760384 4615
G 
1413394906905760512 4509
G 
1413394906955760384 4260
G 
1413394907005760512 4924
G 
1413394907055760384 5098
G 
1413394907105760512 5182
G 
1413394907155760384 5065
G 
1413394907205760512 5077
G 
1413394907255760384 4823
G 
1413394907305760512 4627
G 
1413394907355760384 4419
G 
1413394907405760512 4317
G 
1413394907455760384 4773
G 
1413394907505760512 4872
G 
1413394907555760384 4818
G 
1413394907605760512 4923
G 
1413394907655760384 4972
G 
1413394907705760512 5089
G 
1413394907755760384 4733
G 
1413394907805760512 4697
G 
1413394907855760384 4157
G 
1413394907905760512 4329
G 
1413394907955760384 4545
G 
1413394908005760512 3637
G 
1413394908055760384 4434
G 
1413394908105760512 4217
G 
1413394908155760384 4334
G 
1413394908205760512 4465
G 
1413394908255760384 4515
G 
1413394908305760512 4367
G 
1413394908355760384 4760
G 
1413394908405760512 4985
G 
1413394908455760384 5088
G 
1413394908505760512 4875
G 
1413394908555760384 4863
G 
1413394908605760512 4914
G 
1413394908655760384 4473
G 
1413394908705760512 4401
G 
1413394908755760384 4090
G 
1413394908805760512 4516
G 
1413394908855760384 4141
G 
1413394908905760512 4472
G 
1413394908955760384 5060
G 
1413394909005760512 5228
G 
1413394909055760384 5187
G 
1413394909105760512 4998
G 
1413394909155760384 4965
G 
1413394909205760512 4861
G 
1413394909255760384 4852
G 
1413394909305760512 4908
G 
1413394909355760384 5098
G 
1413394909405760512 5233
G 
1413394909455760384 5271
G 
1413394909505760512 5192
G 
1413394909555760384 4988
G 
1413394909605760512 4864
G 
1413394909655760384 4793
G 
1413394909705760512 4829
G 
1413394909755760384 4986
G 
1413394909805760512 5135
G 
1413394909855760384 5525
G 
1413394909905760512 5507
G 
1413394909955760384 5532
G 
1413394910005760512 5373
G 
1413394910055760384 5208
G 
1413394910105760512 4972
G 
1413394910155760384 4591
G 
1413394910205760512 4884
G 
1413394910255760384 4798
G 
1413394910305760512 5063
G 
1413394910355760384 5119
G 
1413394910405760512 5285
G 
1413394910455760384 5465
G 
1413394910505760512 5321
G 
1413394910555760384 5093
G 
1413394910605760512 4824
G 
1413394910655760384 4734
G 
1413394910705760512 4571
G 
1413394910755760384 4967
G 
1413394910805760512 5086
G 
1413394910855760384 5169
G 
1413394910905760512 5372
G 
1413394910955760384 5483
G 
1413394911005760512 5400
G 
1413394911055760384 5353
G 
1413394911105760512 5147
G 
1413394911155760384 4860
G 
1413394911205760512 4949
G 
1413394911255760384 4796
G 
1413394911305760512 4851
G 
1413394911355760384 4959
G 
1413394911405760512 4884
G 
1413394911455760384 4752
G 
1413394911505760512 4842
G 
1413394911555760384 4945
G 
1413394911605760512 4973
G 
1413394911655760384 4735
G 
1413394911705760512 4573
G 
1413394911755760384 4030
G 
1413394911805760512 4885
G 
1413394911855760384 5041
G 
1413394911905760512 5343
G 
1413394911955760384 5327
G 
1413394912005760512 5074
G 
1413394912055760384 4679
G 
1413394912105760512 4744
G 
1413394912155760384 4642
G 
1413394912205760512 4597
G 
1413394912255760384 5174
G 
1413394912305760512 5136
G 
1413394912355760384 5233
G 
1413394912405760512 5172
G 
1413394912455760384 5145
G 
1413394912505760512 5129
G 
1413394912555760384 4948
G 
1413394912605760512 4831
G 
1413394912655760384 4768
G 
1413394912705760512 4857
G 
1413394912755760384 5006
G 
1413394912805760512 4779
G 
1413394912855760384 4672
G 
1413394912905760512 4861
G 
1413394912955760384 4676
G 
1413394913005760512 4859
G 
1413394913055760384 4523
G 
1413394913105760512 4701
G 
1413394913155760384 4801
G 
1413394913205760512 4827
G 
1413394913255760384 4812
G 
1413394913305760512 4505
G 
1413394913355760384 4779
G 
1413394913405760512 4696
G 
1413394913455760384 4668
G 
1413394913505760512 4802
G 
1413394913555760384 4753
G 
1413394913605760512 5183
G 
1413394913655760384 5105
G 
1413394913705760512 4986
G 
1413394913755760384 5123
G 
1413394913805760512 5101
G 
1413394913855760384 5112
G 
1413394913905760512 5218
G 
1413394913955760384 5033
G 
1413394914005760512 4770
G 
1413394914055760384 5160
G 
1413394914105760512 4416
G 
1413394914155760384 5186
G 
1413394914205760512 4792
G 
1413394914255760384 4956
G 
1413394914305760512 5056
G 
1413394914355760384 4897
G 
1413394914405760512 5053
G 
1413394914455760384 5046
G 
1413394914505760512 5202
G 
1413394914555760384 5044
G 
1413394914605760512 5125
G 
1413394914655760384 5162
G 
1413394914705760512 4897
G 
1413394914755760384 5109
G 
1413394914805760512 5204
G 
1413394914855760384 5024
G 
1413394914905760512 5149
G 
1413394914955760384 5077
G 
1413394915005760512 5162
G 
1413394915055760384 5165
G 
1413394915105760512 5097
G 
1413394915155760384 5022
G 
1413394915205760512 4841
G 
1413394915255760384 4929
G 
1413394915305760512 4983
G 
1413394915355760384 4902
G 
1413394915405760512 4845
G 
1413394915455760384 4778
G 
1413394915505760512 4647
G 
1413394915555760384 4471
G 
1413394915605760512 4543
G 
1413394915655760384 4661
G 
1413394915705760512 4537
G 
1413394915755760384 4957
G 
1413394915805760512 4786
G 
1413394915855760384 4796
G 
1413394915905760512 5207
G 
1413394915955760384 5433
G 
1413394916005760512 5159
G 
1413394916055760384 5964
G 
1413394916105760512 6080
G 
1413394916155760384 6531
B 
1413394916205760512 6588
B 
1413394916255760384 6679
B 
1413394916305760512 6507
B 
1413394916355760384 6706
B 
1413394916405760512 6300
B 
1413394916455760384 6750
B 
1413394916505760512 5975
B 
1413394916555760384 5919
B 
1413394916605760512 6092
B 
1413394916655760384 6480
B 
1413394916705760512 6075
B 
1413394916755760384 7535
B 
1413394916855760384 6898
B 
1413394916955760384 7536
B 
1413394917055760384 7363
B 
1413394917155760384 7127
B 
1413394917255760384 7369
B 
1413394917355760384 7749
B 
1413394917455760384 8459
B 
1413394917555760384 8169
B 
1413394917655760384 8443
B 
1413394917755760384 8067
B 
1413394917855760384 7864
B 
1413394917955760384 7204
B 
1413394918055760384 4909
B 
1413394918155760384 4154
B 
1413394918255760384 4221
B 
1413394918355760384 4365
B 
1413394918455760384 4602
B 
1413394918555760384 4471
B 
1413394918655760384 4773
B 
1413394918755760384 4784
B 
1413394918855760384 4435
B 
1413394918955760384 4492
B 
1413394919055760384 4517
B 
1413394919155760384 4249
B 
1413394919255760384 4684
1413394919355760384 4746
1413394919455760384 4720
1413394919555760384 4775
1413394919655760384 4937
1413394919755760384 4718
1413394919855760384 4681
1413394919955760384 4647
1413394920055760384 4615
1413394920155760384 4465
1413394920255760384 4374
1413394920355760384 4841
1413394920455760384 5042
G 
1413394920555760384 5301
G 
1413394920655760384 5541
G 
1413394920755760384 5633
G 
1413394920855760384 5126
G 
1413394920955760384 5428
G 
1413394921055760384 5529
G 
1413394921155760384 5326
G 
1413394921255760384 5273
G 
1413394921355760384 5203
G 
1413394921455760384 5221
G 
1413394921555760384 5378
G 
1413394921655760384 4492
G 
1413394921755760384 5002
G 
1413394921855760384 4540
G 
1413394921955760384 4460
G 
1413394922055760384 4463
G 
1413394922155760384 4504
G 
1413394922255760384 4174
G 
1413394922355760384 4865
G 
1413394922455760384 5244
G 
1413394922555760384 4977
G 
1413394922655760384 4781
G 
1413394922755760384 4950
G 
1413394922855760384 5168
G 
1413394922955760384 5143
G 
1413394923055760384 5033
G 
1413394923155760384 4551
G 
1413394923255760384 4126
G 
1413394923355760384 4266
G 
1413394923455760384 4173
G 
1413394923555760384 4306
G 
1413394923655760384 4273
G 
1413394923755760384 4333
G 
1413394923855760384 4293
G 
1413394923955760384 4423
G 
1413394924055760384 4363
G 
1413394924155760384 4117
G 
1413394924255760384 3955
G 
1413394924355760384 4065
G 
1413394924455760384 4048
G 
1413394924555760384 3878
G 
1413394924655760384 3703
G 
1413394924755760384 3328
G 
1413394924855760384 3270
G 
1413394924905760512 2979
G 
1413394924955760384 3109
G 
1413394925005760512 3205
G 
1413394925055760384 3063
G 
1413394925105760512 3213
G 
1413394925155760384 3164
G 
1413394925205760512 3177
G 
1413394925255760384 3073
G 
1413394925305760512 2877
G 
1413394925355760384 3035
G 
1413394925405760512 3079
G 
1413394925455760384 2933
G 
1413394925505760512 3008
G 
1413394925555760384 3051
G 
1413394925605760512 2374
G 
1413394925655760384 2472
G 
1413394925705760512 2614
G 
1413394925755760384 3387
G 
1413394925805760512 3037
G 
1413394925855760384 3123
G 
1413394925905760512 2707
G 
1413394925955760384 2663
G 
1413394926005760512 2651
G 
1413394926055760384 3034
G 
1413394926105760512 3396
G 
1413394926155760384 3608
G 
1413394926205760512 3578
G 
1413394926255760384 3732
G 
1413394926305760512 3599
G 
1413394926355760384 3695
G 
1413394926405760512 3794
G 
1413394926455760384 3427
G 
1413394926505760512 3655
G 
1413394926555760384 3359
G 
1413394926605760512 3910
G 
1413394926655760384 3498
G 
1413394926705760512 3773
G 
1413394926755760384 3474
G 
1413394926805760512 3500
G 
1413394926855760384 3753
G 
1413394926905760512 3745
G 
1413394926955760384 3670
G 
1413394927005760512 3396
G 
1413394927055760384 3410
G 
1413394927105760512 3294
G 
1413394927155760384 3795
G 
1413394927205760512 3702
G 
1413394927255760384 3742
G 
1413394927305760512 3699
G 
1413394927355760384 3795
G 
1413394927405760512 4037
G 
1413394927455760384 3950
G 
1413394927505760512 3790
G 
1413394927555760384 3955
G 
1413394927605760512 3934
G 
1413394927655760384 3924
G 
1413394927705760512 3883
G 
1413394927755760384 3957
G 
1413394927805760512 4008
G 
1413394927855760384 4337
G 
1413394927905760512 4016
G 
1413394927955760384 4103
G 
1413394928005760512 4338
G 
1413394928055760384 4398
G 
1413394928105760512 4120
G 
1413394928155760384 3963
G 
1413394928205760512 4082
G 
1413394928255760384 3801
G 
1413394928305760512 4290
G 
1413394928355760384 4035
G 
1413394928405760512 3981
G 
1413394928455760384 3991
G 
1413394928505760512 3881
G 
1413394928555760384 4053
G 
1413394928605760512 4253
G 
1413394928655760384 4450
G 
1413394928705760512 4516
G 
1413394928755760384 4452
G 
1413394928805760512 4534
G 
1413394928855760384 4775
G 
1413394928905760512 4416
G 
1413394928955760384 4552
G 
1413394929005760512 4795
G 
1413394929055760384 4730
G 
1413394929105760512 4657
G 
1413394929155760384 4992
G 
1413394929205760512 4500
G 
1413394929255760384 4890
G 
1413394929305760512 4654
G 
1413394929355760384 4728
G 
1413394929405760512 4872
G 
1413394929455760384 5069
G 
1413394929505760512 4995
G 
1413394929555760384 4764
G 
1413394929605760512 4643
G 
1413394929655760384 4922
G 
1413394929705760512 5045
G 
1413394929755760384 5116
G 
1413394929805760512 5065
G 
1413394929855760384 4887
G 
1413394929905760512 4971
G 
1413394929955760384 5006
G 
1413394930005760512 4875
G 
1413394930055760384 5064
G 
1413394930105760512 5145
G 
1413394930155760384 4998
G 
1413394930205760512 5081
G 
1413394930255760384 5054
G 
1413394930305760512 4902
G 
1413394930355760384 4921
G 
1413394930405760512 4984
G 
1413394930455760384 4595
G 
1413394930505760512 4651
G 
1413394930555760384 4749
G 
1413394930605760512 4675
G 
1413394930655760384 4521
G 
1413394930705760512 4873
G 
1413394930755760384 5065
G 
1413394930805760512 4816
G 
1413394930855760384 4913
G 
1413394930905760512 4923
G 
1413394930955760384 5079
G 
1413394931005760512 4576
G 
1413394931055760384 4827
G 
1413394931105760512 4994
G 
1413394931155760384 5135
G 
1413394931205760512 5097
G 
1413394931255760384 4915
G 
1413394931305760512 4808
G 
1413394931355760384 5127
G 
1413394931405760512 5039
G 
1413394931455760384 5081
G 
1413394931505760512 5086
G 
1413394931555760384 4943
G 
1413394931605760512 5201
G 
1413394931655760384 4921
G 
1413394931705760512 5016
G 
1413394931755760384 4863
G 
1413394931805760512 4854
G 
1413394931855760384 4906
G 
1413394931905760512 4939
G 
1413394931955760384 4911
G 
1413394932005760512 4823
G 
1413394932055760384 4399
G 
1413394932105760512 4544
G 
1413394932155760384 4708
G 
1413394932205760512 4590
G 
1413394932255760384 4633
G 
1413394932305760512 4643
G 
1413394932355760384 4914
G 
1413394932405760512 5077
G 
1413394932455760384 5009
G 
1413394932505760512 4903
G 
1413394932555760384 4884
G 
1413394932605760512 4893
G 
1413394932655760384 4987
G 
1413394932705760512 5057
G 
1413394932755760384 4869
G 
1413394932805760512 5039
G 
1413394932855760384 5459
G 
1413394932905760512 5390
G 
1413394932955760384 5485
G 
1413394933005760512 5326
G 
1413394933055760384 5344
G 
1413394933105760512 5047
G 
1413394933155760384 5151
G 
1413394933205760512 5381
G 
1413394933255760384 4970
G 
1413394933305760512 5167
G 
1413394933355760384 5499
G 
1413394933405760512 5172
G 
1413394933455760384 5323
G 
1413394933505760512 5545
G 
1413394933555760384 5646
G 
1413394933605760512 5246
G 
1413394933655760384 5355
G 
1413394933705760512 5213
G 
1413394933755760384 5228
G 
1413394933805760512 5322
G 
1413394933855760384 5676
G 
1413394933905760512 5165
G 
1413394933955760384 5166
G 
1413394934005760512 5195
G 
1413394934055760384 5337
G 
1413394934105760512 5368
G 
1413394934155760384 5327
G 
1413394934205760512 5153
G 
1413394934255760384 5059
G 
1413394934305760512 5270
G 
1413394934355760384 4907
G 
1413394934405760512 5247
G 
1413394934455760384 5635
B 
1413394934505760512 5934
B 
1413394934555760384 5788
B 
1413394934605760512 6103
B 
1413394934655760384 6561
B 
1413394934705760512 6457
B 
1413394934755760384 6737
B 
1413394934805760512 7260
B 
1413394934855760384 7474
B 
1413394934905760512 7664
B 
1413394934955760384 7719
B 
1413394935005760512 7794
B 
1413394935055760384 7742
B 
1413394935105760512 7731
B 
1413394935155760384 7751
B 
1413394935205760512 7675
B 
1413394935255760384 7820
B 
1413394935305760512 7655
B 
1413394935355760384 7658
B 
1413394935405760512 7638
B 
1413394935455760384 7529
B 
1413394935505760512 7064
B 
1413394935555760384 7414
B 
1413394935605760512 7530
B 
1413394935655760384 7585
B 
1413394935705760512 7900
B 
1413394935755760384 7983
B 
1413394935805760512 8090
B 
1413394935855760384 7996
B 
1413394935905760512 7963
B 
1413394935955760384 7705
B 
1413394936005760512 7530
B 
1413394936055760384 7019
B 
1413394936105760512 6667
B 
1413394936205760512 6544
B 
1413394936255760384 6564
B 
1413394936305760512 6385
B 
1413394936405760512 6259
B 
1413394936505760512 6102
B 
1413394936605760512 6298
B 
1413394936705760512 6232
B 
1413394936805760512 5826
B 
1413394936905760512 5630
B 
1413394937005760512 5395
B 
1413394937105760512 5035
B 
1413394937205760512 4574
B 
1413394937255760384 4766
B 
1413394937305760512 4527
B 
1413394937355760384 4884
B 
1413394937455760384 4954
B 
1413394937555760384 5110
B 
1413394937655760384 6042
1413394937755760384 6198
1413394937855760384 6383
1413394937955760384 5872
1413394938055760384 5954
1413394938155760384 5615
G 
1413394938255760384 5202
G 
1413394938355760384 4793
G 
1413394938455760384 4328
G 
1413394938555760384 4537
G 
1413394938655760384 4841
G 
1413394938755760384 4755
G 
1413394938855760384 4823
G 
1413394938955760384 4914
G 
1413394939055760384 4948
G 
1413394939155760384 4880
G 
1413394939255760384 4872
G 
1413394939355760384 5238
G 
1413394939455760384 5721
G 
1413394939555760384 6868
G 
1413394939655760384 7122
G 
1413394939755760384 6760
G 
1413394939855760384 6784
G 
1413394939955760384 6311
G 
1413394940055760384 6416
G 
1413394940155760384 6259
G 
1413394940255760384 5930
G 
1413394940355760384 5719
G 
1413394940455760384 5988
G 
1413394940555760384 5791
G 
1413394940655760384 5549
G 
1413394940755760384 6921
G 
1413394940855760384 7973
G 
1413394940955760384 7469
G 
1413394941005760512 7417
G 
1413394941055760384 7350
G 
1413394941105760512 7494
G 
1413394941205760512 7879
G 
1413394941305760512 7925
G 
1413394941405760512 7792
G 
1413394941505760512 7291
G 
1413394941605760512 7457
G 
1413394941705760512 7079
G 
1413394941755760384 7515
G 
1413394941805760512 7583
G 
1413394941855760384 6721
G 
1413394941905760512 6895
G 
1413394941955760384 6779
G 
1413394942005760512 6919
G 
1413394942055760384 6882
G 
1413394942105760512 7050
G 
1413394942155760384 7508
G 
1413394942205760512 7236
G 
1413394942255760384 7210
G 
1413394942305760512 6311
G 
1413394942355760384 6104
G 
1413394942405760512 5808
G 
1413394942455760384 5110
G 
1413394942505760512 5128
G 
1413394942555760384 5106
G 
1413394942605760512 5094
G 
1413394942655760384 4711
G 
1413394942705760512 4888
G 
1413394942755760384 4725
G 
1413394942805760512 4609
G 
1413394942855760384 4333
G 
1413394942905760512 4314
G 
1413394942955760384 4024
G 
1413394943005760512 4372
G 
1413394943055760384 4643
G 
1413394943105760512 4924
G 
1413394943155760384 4904
G 
1413394943205760512 4673
G 
1413394943255760384 4520
G 
1413394943305760512 4222
G 
1413394943355760384 4534
G 
1413394943405760512 4663
G 
1413394943455760384 4521
G 
1413394943505760512 4797
G 
1413394943555760384 4731
G 
1413394943605760512 4650
G 
1413394943655760384 4704
G 
1413394943705760512 4709
G 
1413394943755760384 4937
G 
1413394943805760512 4961
G 
1413394943855760384 5133
G 
1413394943905760512 5016
G 
1413394943955760384 5173
G 
1413394944005760512 5287
G 
1413394944055760384 5154
G 
1413394944105760512 5226
G 
1413394944155760384 4903
G 
1413394944205760512 4815
G 
1413394944255760384 4848
G 
1413394944305760512 4782
G 
1413394944355760384 4854
G 
1413394944405760512 4894
G 
1413394944455760384 4720
G 
1413394944505760512 4936
G 
1413394944555760384 5157
G 
1413394944605760512 5072
G 
1413394944655760384 5012
G 
1413394944705760512 5288
G 
1413394944755760384 5340
G 
1413394944805760512 5237
G 
1413394944855760384 5566
G 
1413394944905760512 5347
G 
1413394944955760384 5479
G 
1413394945005760512 5302
G 
1413394945055760384 5258
G 
1413394945105760512 5245
G 
1413394945155760384 5432
G 
1413394945205760512 4917
G 
1413394945255760384 4860
G 
1413394945305760512 5146
G 
1413394945355760384 5154
G 
1413394945405760512 5171
G 
1413394945455760384 5104
G 
1413394945505760512 5195
G 
1413394945555760384 4955
G 
1413394945605760512 4376
G 
1413394945655760384 4628
G 
1413394945705760512 4368
G 
1413394945755760384 4895
G 
1413394945805760512 4739
G 
1413394945855760384 4611
G 
1413394945905760512 4545
G 
1413394945955760384 4734
G 
1413394946005760512 4381
G 
1413394946055760384 4464
G 
1413394946155760384 4637
G 
1413394946205760512 5211
G 
1413394946255760384 4865
G 
1413394946355760384 4965
G 
1413394946455760384 5199
G 
1413394946555760384 5340
G 
1413394946655760384 6039
G 
1413394946755760384 5754
G 
1413394946855760384 5967
G 
1413394946955760384 5487
G 
1413394947055760384 5602
G 
1413394947155760384 5764
G 
1413394947255760384 5440
G 
1413394947355760384 5390
G 
1413394947455760384 5618
G 
1413394947555760384 6359
G 
1413394947655760384 6539
G 
1413394947755760384 6851
G 
1413394947855760384 7160
G 
1413394947955760384 6424
G 
1413394948055760384 5903
G 
1413394948155760384 6134
G 
1413394948255760384 5195
G 
1413394948355760384 4770
B 
1413394948455760384 4490
B 
1413394948555760384 4848
B 
1413394948655760384 4894
B 
1413394948755760384 4977
B 
1413394948855760384 4781
B 
1413394948955760384 5071
B 
1413394949055760384 4612
B 
1413394949155760384 4750
B 
1413394949255760384 5297
B 
1413394949355760384 6156
B 
1413394949455760384 5352
B 
1413394949555760384 4479
B 
1413394949655760384 4544
B 
1413394949755760384 4506
B 
1413394949855760384 4668
B 
1413394949955760384 4496
B 
1413394950055760384 4408
B 
1413394950155760384 4590
B 
1413394950255760384 4817
B 
1413394950355760384 5022
B 
1413394950455760384 5444
B 
1413394950555760384 5952
B 
1413394950655760384 5228
B 
1413394950755760384 4601
B 
1413394950855760384 4647
B 
1413394950955760384 4458
B 
1413394951055760384 4452
B 
1413394951155760384 4532
B 
1413394951255760384 4847
B 
1413394951355760384 5020
B 
1413394951455760384 4972
B 
1413394951555760384 5186
1413394951655760384 5388
1413394951755760384 6983
1413394951855760384 4471
1413394951955760384 5339
1413394952055760384 5684
1413394952155760384 5181
1413394952255760384 6151
1413394952355760384 5506
1413394952455760384 5673
1413394952555760384 5731
1413394952655760384 5915
1413394952755760384 5891
1413394952855760384 6275
1413394952955760384 5945
1413394953055760384 6089
1413394953155760384 6424
1413394953255760384 6805
1413394953355760384 6320
1413394953455760384 6620
1413394953555760384 5850
1413394953655760384 5857
1413394953755760384 5596
1413394953855760384 4834
1413394953955760384 5287
1413394954055760384 5350
1413394954155760384 6154
1413394954255760384 5639
1413394954355760384 5283
1413394954455760384 5637
1413394954555760384 5699
1413394954655760384 5743
1413394954755760384 5343
1413394954855760384 5747
1413394954955760384 4764
1413394955055760384 5493
1413394955155760384 5140
G 
1413394955255760384 5107
G 
1413394955355760384 5474
G 
1413394955455760384 5216
B 
1413394955555760384 4754
1413394955655760384 4023
1413394955755760384 4415
1413394955855760384 5139
1413394955905760512 4933
1413394955955760384 5046
1413394956005760512 4688
1413394956105760512 5268
1413394956205760512 5656
1413394956305760512 5171
1413394956405760512 4488
1413394956505760512 5104
1413394956605760512 5066
1413394956655760384 4709
1413394956705760512 5030
1413394956755760384 4926
1413394956805760512 5236
1413394956855760384 5547
1413394956905760512 5492
1413394956955760384 5073
1413394957005760512 4796
1413394957055760384 4467
G 
1413394957105760512 4206
G 
1413394957155760384 4277
G 
1413394957205760512 4164
G 
1413394957255760384 4217
G 
1413394957305760512 4148
G 
1413394957355760384 4230
G 
1413394957405760512 4359
G 
1413394957455760384 4318
G 
1413394957505760512 4262
G 
1413394957555760384 4081
G 
1413394957605760512 4179
G 
1413394957655760384 4086
G 
1413394957705760512 4168
G 
1413394957755760384 4087
G 
1413394957805760512 4299
G 
1413394957855760384 4879
G 
1413394957905760512 4393
G 
1413394957955760384 4347
G 
1413394958005760512 4154
G 
1413394958055760384 3986
G 
1413394958105760512 4172
G 
1413394958155760384 4125
G 
1413394958205760512 4079
G 
1413394958255760384 4144
G 
1413394958305760512 4211
G 
1413394958355760384 4111
G 
1413394958405760512 4349
G 
1413394958455760384 3990
G 
1413394958505760512 4098
G 
1413394958555760384 3747
G 
1413394958605760512 4095
G 
1413394958655760384 3869
G 
1413394958705760512 4064
G 
1413394958755760384 4617
G 
1413394958805760512 5068
G 
1413394958855760384 5476
G 
1413394958905760512 4843
G 
1413394958955760384 4388
G 
1413394959005760512 4139
G 
1413394959055760384 4147
G 
1413394959105760512 4080
G 
1413394959155760384 3854
G 
1413394959205760512 3864
G 
1413394959255760384 3729
G 
1413394959305760512 3782
G 
1413394959355760384 3901
G 
1413394959405760512 4040
G 
1413394959455760384 3326
G 
1413394959505760512 3586
G 
1413394959555760384 4001
G 
1413394959605760512 4172
G 
1413394959655760384 4548
G 
1413394959705760512 4399
G 
1413394959755760384 5662
G 
1413394959805760512 4656
G 
1413394959855760384 4603
G 
1413394959905760512 4697
G 
1413394959955760384 4290
G 
1413394960005760512 4150
G 
1413394960055760384 4117
G 
1413394960105760512 3957
G 
1413394960155760384 3149
G 
1413394960205760512 4058
G 
1413394960255760384 4131
G 
1413394960305760512 3879
G 
1413394960355760384 3886
G 
1413394960405760512 4147
G 
1413394960455760384 4263
G 
1413394960505760512 4552
G 
1413394960555760384 4563
G 
1413394960605760512 4375
G 
1413394960655760384 4636
G 
1413394960705760512 4810
G 
1413394960755760384 4892
G 
1413394960805760512 4733
G 
1413394960855760384 4627
G 
1413394960905760512 4317
G 
1413394960955760384 4731
G 
1413394961005760512 4752
G 
1413394961055760384 4710
G 
1413394961105760512 5006
G 
1413394961155760384 5069
G 
1413394961205760512 5014
G 
1413394961255760384 4828
G 
1413394961305760512 4820
G 
1413394961355760384 4653
G 
1413394961405760512 4825
G 
1413394961455760384 4773
G 
1413394961505760512 4769
G 
1413394961555760384 4862
G 
1413394961605760512 4783
G 
1413394961655760384 4766
G 
1413394961705760512 4683
G 
1413394961755760384 4896
G 
1413394961805760512 4666
G 
1413394961855760384 4883
G 
1413394961905760512 4811
G 
1413394961955760384 4899
G 
1413394962005760512 5005
G 
1413394962055760384 4921
G 
1413394962105760512 4887
G 
1413394962155760384 5130
G 
1413394962205760512 4858
G 
1413394962255760384 4739
G 
1413394962305760512 4868
G 
1413394962355760384 4727
G 
1413394962405760512 5178
G 
1413394962455760384 4913
G 
1413394962505760512 4875
G 
1413394962555760384 4739
G 
1413394962605760512 4631
G 
1413394962655760384 4509
G 
1413394962705760512 4458
G 
1413394962755760384 4850
G 
1413394962805760512 4648
G 
1413394962855760384 4954
G 
1413394962905760512 4702
G 
1413394962955760384 4892
G 
1413394963005760512 5044
G 
1413394963055760384 5291
G 
1413394963105760512 5111
G 
1413394963155760384 4927
G 
1413394963205760512 4746
G 
1413394963255760384 4770
G 
1413394963305760512 4833
G 
1413394963355760384 5207
G 
1413394963405760512 5090
G 
1413394963455760384 4807
G 
1413394963505760512 5286
G 
1413394963555760384 4866
G 
1413394963605760512 5005
G 
1413394963655760384 5034
G 
1413394963705760512 4974
G 
1413394963755760384 5189
G 
1413394963805760512 4979
G 
1413394963855760384 5243
G 
1413394963905760512 4651
G 
1413394963955760384 4681
G 
1413394964005760512 4602
G 
1413394964055760384 4503
G 
1413394964105760512 4923
G 
1413394964155760384 4893
G 
1413394964205760512 5005
G 
1413394964255760384 5209
G 
1413394964305760512 5014
G 
1413394964355760384 5118
G 
1413394964405760512 5056
G 
1413394964455760384 4935
G 
1413394964505760512 5024
G 
1413394964555760384 5265
G 
1413394964605760512 5000
G 
1413394964655760384 4901
G 
1413394964705760512 4831
G 
1413394964755760384 4883
G 
1413394964805760512 4692
G 
1413394964855760384 5033
G 
1413394964905760512 5140
G 
1413394964955760384 5402
G 
1413394965005760512 5005
G 
1413394965055760384 5160
G 
1413394965105760512 5078
G 
1413394965155760384 4828
G 
1413394965205760512 4903
G 
1413394965255760384 4162
G 
1413394965305760512 4697
G 
1413394965355760384 4862
G 
1413394965405760512 5083
B 
1413394965455760384 5046
B 
1413394965505760512 5078
G 
1413394965555760384 5174
G 
1413394965605760512 4996
G 
1413394965655760384 4674
G 
1413394965705760512 4642
G 
1413394965755760384 4499
G 
1413394965805760512 4188
G 
1413394965855760384 4383
G 
1413394965905760512 4564
G 
1413394965955760384 4638
G 
1413394966005760512 4478
G 
1413394966055760384 4755
G 
1413394966105760512 4764
G 
1413394966155760384 4811
G 
1413394966205760512 4470
G 
1413394966255760384 4742
G 
1413394966305760512 4717
G 
1413394966355760384 4897
G 
1413394966405760512 4804
G 
1413394966455760384 4981
G 
1413394966505760512 5668
G 
1413394966555760384 5741
G 
1413394966605760512 5316
G 
1413394966655760384 5163
G 
1413394966705760512 5045
G 
1413394966755760384 5236
G 
1413394966805760512 4896
G 
1413394966855760384 4747
G 
1413394966905760512 4796
G 
1413394966955760384 4960
G 
1413394967005760512 4706
G 
1413394967055760384 4687
G 
1413394967105760512 5563
G 
1413394967155760384 5588
G 
1413394967205760512 5492
G 
1413394967255760384 5724
G 
1413394967305760512 5921
G 
1413394967355760384 5668
G 
1413394967405760512 5272
G 
1413394967455760384 5243
G 
1413394967505760512 5774
G 
1413394967555760384 5494
G 
1413394967605760512 5232
G 
1413394967655760384 5062
G 
1413394967705760512 6211
G 
1413394967755760384 6880
G 
1413394967805760512 6854
G 
1413394967855760384 6394
G 
1413394967905760512 6391
G 
1413394967955760384 6334
G 
1413394968005760512 6759
G 
1413394968055760384 6975
G 
1413394968105760512 6661
G 
1413394968155760384 6715
G 
1413394968205760512 7025
G 
1413394968255760384 7766
G 
1413394968305760512 8295
G 
1413394968355760384 8108
G 
1413394968405760512 7982
G 
1413394968455760384 8197
G 
1413394968505760512 7945
G 
1413394968555760384 8031
G 
1413394968605760512 8505
G 
1413394968655760384 8788
G 
1413394968705760512 8861
G 
1413394968755760384 8993
G 
1413394968805760512 9017
G 
1413394968855760384 8904
G 
1413394968905760512 8937
G 
1413394968955760384 8554
G 
1413394969005760512 8496
G 
1413394969055760384 8663
G 
1413394969155760384 8904
G 
1413394969255760384 9114
G 
1413394969355760384 9307
G 
1413394969455760384 9407
G 
1413394969555760384 9014
G 
1413394969655760384 8831
G 
1413394969755760384 9332
G 
1413394969855760384 9283
G 
1413394969955760384 8691
G 
1413394970055760384 8538
G 
1413394970155760384 8555
G 
1413394970255760384 7139
G 
1413394970355760384 6638
G 
1413394970455760384 7719
G 
1413394970555760384 7937
G 
1413394970655760384 8253
G 
1413394970755760384 8634
G 
1413394970855760384 7792
G 
1413394970955760384 7809
G 
1413394971055760384 8543
G 
1413394971155760384 8070
G 
1413394971255760384 7483
G 
1413394971355760384 7830
G 
1413394971455760384 8148
G 
1413394971555760384 8004
G 
1413394971655760384 6583
G 
1413394971755760384 5823
G 
1413394971855760384 6254
G 
1413394971955760384 7148
G 
1413394972055760384 7342
G 
1413394972155760384 7062
G 
1413394972255760384 7203
G 
1413394972355760384 7035
G 
1413394972455760384 5979
G 
1413394972555760384 4872
G 
1413394972655760384 5034
G 
1413394972755760384 4905
G 
1413394972855760384 5894
G 
1413394972955760384 4805
G 
1413394973005760512 5632
G 
1413394973055760384 5048
G 
1413394973105760512 4392
G 
1413394973155760384 4621
G 
1413394973205760512 4508
G 
1413394973255760384 5271
G 
1413394973305760512 5159
G 
1413394973355760384 4757
G 
1413394973405760512 4819
G 
1413394973455760384 5026
G 
1413394973505760512 4917
G 
1413394973555760384 5124
G 
1413394973605760512 5215
G 
1413394973655760384 5114
G 
1413394973705760512 5143
G 
1413394973755760384 4696
G 
1413394973805760512 4816
G 
1413394973855760384 4718
G 
1413394973905760512 4691
G 
1413394973955760384 4518
G 
1413394974005760512 4730
G 
1413394974055760384 4494
G 
1413394974105760512 4658
G 
1413394974155760384 4753
G 
1413394974205760512 4682
G 
1413394974255760384 5034
G 
1413394974305760512 4657
G 
1413394974355760384 4722
G 
1413394974405760512 4580
G 
1413394974455760384 4878
G 
1413394974505760512 4442
G 
1413394974555760384 4337
G 
1413394974605760512 4634
G 
1413394974655760384 4348
G 
1413394974705760512 4185
G 
1413394974755760384 4311
G 
1413394974805760512 4068
G 
1413394974855760384 4206
G 
1413394974905760512 4121
G 
1413394974955760384 4087
G 
1413394975005760512 4139
G 
1413394975055760384 4460
G 
1413394975105760512 4529
G 
1413394975155760384 4701
G 
1413394975205760512 5168
G 
1413394975255760384 5112
G 
1413394975305760512 5213
G 
1413394975355760384 5475
G 
1413394975405760512 5608
G 
1413394975455760384 5392
G 
1413394975505760512 5901
G 
1413394975555760384 5836
G 
1413394975605760512 6478
G 
1413394975655760384 6865
G 
1413394975755760384 7092
G 
1413394975805760512 7146
G 
1413394975855760384 7553
G 
1413394975955760384 6796
G 
1413394976055760384 6917
G 
1413394976155760384 6910
G 
1413394976255760384 7056
G 
1413394976355760384 6727
G 
1413394976455760384 6077
G 
1413394976505760512 6123
G 
1413394976605760512 5677
G 
1413394976705760512 5539
G 
1413394976755760384 5366
G 
1413394976805760512 5556
G 
1413394976855760384 5088
G 
1413394976905760512 4933
G 
1413394976955760384 5460
G 
1413394977005760512 5133
G 
1413394977105760512 5988
G 
1413394977155760384 6216
G 
1413394977205760512 6643
G 
1413394977305760512 6510
G 
1413394977405760512 6383
G 
1413394977505760512 6414
G 
1413394977605760512 6663
G 
1413394977705760512 6173
G 
1413394977805760512 5829
G 
1413394977905760512 4564
G 
1413394978005760512 4480
G 
1413394978105760512 5074
G 
1413394978155760384 5517
G 
1413394978205760512 5598
G 
1413394978255760384 5562
G 
1413394978305760512 5573
G 
1413394978355760384 5176
G 
1413394978405760512 5190
G 
1413394978455760384 5057
G 
1413394978505760512 5210
G 
1413394978555760384 5099
G 
1413394978605760512 4981
G 
1413394978655760384 4846
G 
1413394978705760512 4672
G 
1413394978755760384 4595
G 
1413394978805760512 4266
G 
1413394978855760384 4438
G 
1413394978905760512 4261
G 
1413394978955760384 4466
G 
1413394979005760512 4399
G 
1413394979055760384 4352
G 
1413394979105760512 4343
G 
1413394979155760384 4428
G 
1413394979205760512 4446
G 
1413394979255760384 4264
G 
1413394979305760512 4333
G 
1413394979355760384 4195
G 
1413394979405760512 4264
G 
1413394979455760384 4347
G 
1413394979505760512 4390
G 
1413394979555760384 4494
G 
1413394979605760512 4424
G 
1413394979655760384 4446
G 
1413394979705760512 4227
G 
1413394979755760384 4169
G 
1413394979805760512 4060
G 
1413394979855760384 3977
G 
1413394979905760512 4020
G 
1413394979955760384 4316
G 
1413394980005760512 4199
G 
1413394980055760384 4499
G 
1413394980105760512 4463
G 
1413394980155760384 4523
G 
1413394980205760512 4471
G 
1413394980255760384 4502
G 
1413394980305760512 4656
G 
1413394980355760384 4604
G 
1413394980405760512 4755
G 
1413394980455760384 4214
G 
1413394980505760512 4415
G 
1413394980555760384 4589
G 
1413394980605760512 4486
G 
1413394980655760384 4693
G 
1413394980705760512 4597
G 
1413394980755760384 4729
G 
1413394980805760512 4761
G 
1413394980855760384 4790
G 
1413394980905760512 5020
G 
1413394980955760384 5204
G 
1413394981005760512 5047
G 
1413394981055760384 4984
G 
1413394981105760512 5108
G 
1413394981155760384 5181
G 
1413394981205760512 5419
G 
1413394981255760384 5460
G 
1413394981305760512 5264
G 
1413394981355760384 5190
G 
1413394981405760512 5079
G 
1413394981455760384 5187
G 
1413394981505760512 5545
G 
1413394981555760384 5534
G 
1413394981605760512 5209
G 
1413394981655760384 5350
G 
1413394981705760512 5508
G 
1413394981755760384 5488
G 
1413394981805760512 5899
G 
1413394981855760384 6005
G 
1413394981905760512 5923
G 
1413394981955760384 5938
G 
1413394982005760512 5964
G 
1413394982055760384 5942
G 
1413394982105760512 5791
G 
1413394982155760384 5800
G 
1413394982205760512 5819
G 
1413394982255760384 5510
G 
1413394982305760512 5449
G 
1413394982355760384 4871
G 
1413394982405760512 4696
G 
1413394982455760384 4651
G 
1413394982505760512 5063
G 
1413394982555760384 4629
G 
1413394982605760512 4542
G 
1413394982655760384 4651
G 
1413394982705760512 5003
G 
1413394982755760384 4725
G 
1413394982805760512 4926
G 
1413394982855760384 5188
G 
1413394982905760512 4730
G 
1413394983005760512 5175
G 
1413394983105760512 4982
G 
1413394983205760512 5303
G 
1413394983305760512 5386
G 
1413394983405760512 5209
B 
1413394983505760512 5086
B 
1413394983605760512 5298
B 
1413394983705760512 5751
B 
1413394983805760512 5762
B 
1413394983905760512 5754
B 
1413394984005760512 5714
B 
1413394984105760512 5311
B 
1413394984205760512 5132
B 
1413394984305760512 5127
B 
1413394984405760512 5301
B 
1413394984505760512 5518
G 
1413394984605760512 5283
G 
1413394984705760512 5015
G 
1413394984805760512 4902
G 
1413394984905760512 4915
G 
1413394985005760512 4698
G 
1413394985105760512 4658
G 
1413394985205760512 5260
G 
1413394985305760512 4606
G 
1413394985405760512 4481
G 
1413394985505760512 5179
G 
1413394985605760512 4808
G 
1413394985705760512 4876
G 
1413394985805760512 4815
G 
1413394985905760512 4842
G 
1413394986005760512 4979
G 
1413394986105760512 4908
G 
1413394986205760512 4513
G 
1413394986305760512 4284
G 
1413394986405760512 4364
G 
1413394986505760512 4452
G 
1413394986605760512 4068
G 
1413394986705760512 3970
G 
1413394986805760512 4124
G 
1413394986905760512 4021
G 
1413394987005760512 4148
G 
1413394987105760512 4183
G 
1413394987205760512 4231
G 
1413394987305760512 3947
G 
1413394987405760512 3998
G 
1413394987505760512 3991
G 
1413394987605760512 3919
G 
1413394987705760512 4088
G 
1413394987805760512 4123
G 
1413394987905760512 4209
G 
1413394988005760512 4338
G 
1413394988105760512 4566
G 
1413394988205760512 4357
G 
1413394988305760512 4202
G 
1413394988405760512 4142
G 
1413394988505760512 4352
G 
1413394988605760512 3978
B 
1413394988705760512 4052
B 
1413394988805760512 4148
B 
1413394988905760512 4034
B 
1413394989005760512 4048
B 
1413394989105760512 4056
B 
1413394989205760512 4236
B 
1413394989305760512 4282
B 
1413394989405760512 4483
B 
1413394989505760512 4586
B 
1413394989605760512 4521
B 
1413394989705760512 4277
B 
1413394989805760512 3922
B 
1413394989905760512 4032
B 
1413394990005760512 3920
B 
1413394990105760512 4470
B 
1413394990155760384 4528
B 
1413394990205760512 4753
B 
1413394990255760384 4277
B 
1413394990355760384 4044
B 
1413394990405760512 3798
B 
1413394990455760384 3658
B 
1413394990505760512 3821
B 
1413394990555760384 4023
B 
1413394990605760512 4102
B 
1413394990655760384 4031
B 
1413394990705760512 4034
B 
1413394990755760384 4675
B 
1413394990805760512 4575
B 
1413394990855760384 4442
B 
1413394990905760512 4765
B 
1413394990955760384 4872
G 
1413394991005760512 4775
B 
1413394991055760384 4949
B 
1413394991105760512 4735
B 
1413394991155760384 5055
B 
1413394991205760512 5169
B 
1413394991255760384 5397
G 
1413394991305760512 5274
G 
1413394991355760384 5417
G 
1413394991405760512 5521
G 
1413394991455760384 5482
G 
1413394991505760512 5130
G 
1413394991555760384 5175
G 
1413394991605760512 5142
G 
1413394991655760384 5010
G 
1413394991705760512 4727
G 
1413394991755760384 4824
G 
1413394991805760512 4736
G 
1413394991855760384 4484
G 
1413394991905760512 4680
G 
1413394991955760384 4747
G 
1413394992005760512 4522
G 
1413394992055760384 4305
G 
1413394992105760512 4721
G 
1413394992155760384 4400
G 
1413394992205760512 4956
G 
1413394992255760384 4576
G 
1413394992305760512 4740
G 
1413394992355760384 4769
G 
1413394992405760512 4945
G 
1413394992455760384 4890
G 
1413394992505760512 5001
G 
1413394992555760384 5206
G 
1413394992605760512 4893
G 
1413394992655760384 4845
G 
1413394992705760512 5084
G 
1413394992755760384 4647
G 
1413394992805760512 4875
G 
1413394992855760384 4718
G 
1413394992905760512 4525
G 
1413394992955760384 4539
G 
1413394993005760512 4540
G 
1413394993055760384 4517
G 
1413394993105760512 4478
G 
1413394993155760384 4256
G 
1413394993205760512 4385
G 
1413394993255760384 4200
G 
1413394993305760512 4932
G 
1413394993355760384 4576
G 
1413394993405760512 5180
G 
1413394993455760384 5384
G 
1413394993505760512 5051
G 
1413394993555760384 5195
G 
1413394993605760512 5553
G 
1413394993655760384 5779
G 
1413394993705760512 5812
G 
1413394993755760384 5729
G 
1413394993805760512 5690
G 
1413394993855760384 5981
G 
1413394993905760512 5747
G 
1413394993955760384 5831
G 
1413394994005760512 5689
G 
1413394994055760384 5484
G 
1413394994105760512 5162
G 
1413394994155760384 5565
G 
1413394994205760512 5277
G 
1413394994305760512 4967
G 
1413394994405760512 5019
G 
1413394994505760512 5686
G 
1413394994605760512 6284
G 
1413394994705760512 6382
G 
1413394994805760512 5560
G 
1413394994905760512 5392
G 
1413394995005760512 5333
G 
1413394995105760512 5065
G 
1413394995205760512 5248
G 
1413394995305760512 5799
G 
1413394995405760512 6591
G 
1413394995505760512 7773
G 
1413394995605760512 8809
G 
1413394995705760512 9224
G 
1413394995805760512 9301
G 
1413394995905760512 8912
G 
1413394996005760512 8361
B 
1413394996105760512 9461
B 
1413394996205760512 8125
B 
1413394996305760512 9249
B 
1413394996405760512 9568
B 
1413394996505760512 9654
B 
1413394996605760512 9670
B 
1413394996705760512 9694
B 
1413394996805760512 9673
B 
1413394996905760512 9635
B 
1413394997005760512 9652
B 
1413394997105760512 9654
B 
1413394997205760512 9660
B 
1413394997305760512 9681
B 
1413394997405760512 9668
B 
1413394997505760512 9657
B 
1413394997605760512 9648
B 
1413394997705760512 9664
B 
1413394997805760512 9639
B 
1413394997905760512 9646
B 
1413394998005760512 9660
B 
1413394998105760512 9621
B 
1413394998205760512 9620
B 
1413394998305760512 9622
B 
