1500000000000000000 27768
1500000000032999936 25322
1500000000065999872 25994
1500000000099000064 24798
1500000000132000000 27446
1500000000164999936 25287
1500000000198000128 24989
1500000000231000064 24669
1500000000264000000 26382
1500000000296999936 24465
1500000000329999872 23721
1500000000363000064 22578
1500000000396000000 24558
1500000000428999936 21733
1500000000462000128 22721
1500000000495000064 20636
1500000000528000000 24133
1500000000560999936 21803
1500000000593999872 23393
1500000000627000064 23762
1500000000660000000 27508
1500000000692999936 24836
1500000000726000128 26220
1500000000759000064 26275
1500000000792000000 29349
1500000000824999936 25578
1500000000857999872 26500
1500000000891000064 25569
1500000000924000000 28759
1500000000956999936 23378
1500000000990000128 22981
1500000001023000064 19529
1500000001056000000 23748
1500000001088999936 19179
1500000001121999872 21170
1500000001155000064 21233
1500000001188000000 26174
1500000001220999936 22178
1500000001254000128 23198
1500000001287000064 22312
1500000001320000000 26181
1500000001352999936 22252
1500000001385999872 22555
1500000001419000064 22505
1500000001452000000 26652
1500000001484999936 23599
1500000001518000128 26577
1500000001551000064 26334
1500000001584000000 30338
1500000001616999936 26151
1500000001649999872 26223
1500000001683000064 24847
1500000001716000000 28572
1500000001748999936 26140
1500000001782000128 30431
1500000001815000064 31087
1500000001848000000 34735
1500000001880999936 29879
1500000001913999872 27382
1500000001947000064 22497
1500000001980000000 26519
1500000002012999936 19252
1500000002046000128 20476
1500000002079000064 18052
1500000002112000000 24288
1500000002144999936 20327
1500000002177999872 21737
1500000002211000064 21852
1500000002244000000 25588
1500000002276999936 22455
1500000002310000128 24190
1500000002343000064 23157
1500000002376000000 27377
1500000002408999936 23620
1500000002441999872 27972
1500000002475000064 26088
1500000002508000000 30995
1500000002540999936 27053
1500000002574000128 28099
1500000002607000064 26883
1500000002640000000 29720
1500000002672999936 25503
1500000002705999872 26344
1500000002739000064 25985
1500000002772000000 30757
1500000002804999936 24776
1500000002838000128 26004
1500000002871000064 24556
1500000002904000000 27486
1500000002936999936 23034
1500000002969999872 24743
1500000003003000064 24512
1500000003036000000 30367
1500000003068999936 25582
1500000003102000128 28329
1500000003135000064 10005
G 
1500000003168000000 10006
G 
1500000003200999936 10005
G 
1500000003233999872 10009
G 
1500000003267000064 10007
G 
1500000003300000000 10005
G 
1500000003332999936 10002
G 
1500000003366000128 10013
G 
1500000003399000064 10007
G 
1500000003432000000 10008
G 
1500000003464999936 10006
G 
1500000003497999872 10008
G 
1500000003531000064 10003
G 
1500000003564000000 10004
G 
1500000003596999936 10001
G 
1500000003630000128 10003
G 
1500000003663000064 10003
G 
1500000003696000000 10005
G 
1500000003728999936 10005
G 
1500000003761999872 10003
G 
1500000003795000064 10001
G 
1500000003828000000 10004
G 
1500000003860999936 10004
G 
1500000003894000128 10006
G 
1500000003927000064 10002
G 
1500000003960000000 10007
G 
1500000003992999936 10006
G 
1500000004025999872 10002
G 
1500000004059000064 10002
G 
1500000004092000000 10006
G 
1500000004124999936 10004
G 
1500000004158000128 10003
G 
1500000004191000064 10001
G 
1500000004224000000 10003
G 
1500000004256999936 10001
G 
1500000004289999872 10004
G 
1500000004323000064 10002
G 
1500000004356000000 10005
G 
1500000004388999936 10004
G 
1500000004422000128 10004
G 
1500000004455000064 10001
G 
1500000004488000000 10007
G 
1500000004520999936 10003
G 
1500000004553999872 10007
G 
1500000004587000064 10005
G 
1500000004620000000 10004
G 
1500000004652999936 10006
G 
1500000004686000128 10005
G 
1500000004719000064 10002
G 
1500000004752000000 10004
G 
1500000004784999936 10004
G 
1500000004817999872 10004
G 
1500000004851000064 10001
G 
1500000004884000000 10006
G 
1500000004916999936 10003
G 
1500000004950000128 10004
G 
1500000004983000064 10002
G 
1500000005016000000 10007
G 
1500000005048999936 10003
G 
1500000005081999872 10002
G 
1500000005115000064 10005
G 
1500000005148000000 10008
G 
1500000005180999936 10003
G 
1500000005214000128 10003
G 
1500000005247000064 10003
G 
1500000005280000000 10005
G 
1500000005312999936 10005
G 
1500000005345999872 10006
G 
1500000005379000064 10005
G 
1500000005412000000 10004
G 
1500000005444999936 10004
G 
1500000005478000128 10002
G 
1500000005511000064 10004
G 
1500000005544000000 10004
G 
1500000005576999936 10000
G 
1500000005609999872 10003
G 
1500000005643000064 10004
G 
1500000005676000000 10007
G 
1500000005708999936 10003
G 
1500000005742000128 10002
G 
1500000005775000064 10004
G 
1500000005808000000 10003
G 
1500000005840999936 10000
G 
1500000005873999872 10003
G 
1500000005907000064 10000
G 
1500000005940000000 10003
G 
1500000005972999936 10001
G 
1500000006006000128 10003
G 
1500000006039000064 10003
G 
1500000006072000000 9965
G 
1500000006104999936 9357
G 
1500000006137999872 9419
G 
1500000006171000064 8932
G 
1500000006204000000 9427
G 
1500000006236999936 9616
G 
1500000006270000128 9860
G 
1500000006303000064 9784
G 
1500000006336000000 9972
G 
1500000006368999936 10002
G 
1500000006401999872 9960
G 
1500000006435000064 9940
G 
1500000006468000000 9951
G 
1500000006500999936 10003
G 
1500000006534000128 9998
G 
1500000006567000064 10003
G 
1500000006600000000 9997
G 
1500000006632999936 10004
G 
1500000006665999872 9962
G 
1500000006699000064 9972
G 
1500000006732000000 10005
G 
1500000006764999936 9959
G 
1500000006798000128 9932
G 
1500000006831000064 10003
G 
1500000006864000000 10003
G 
1500000006896999936 10001
G 
1500000006929999872 10001
G 
1500000006963000064 9915
G 
1500000006996000000 10005
G 
1500000007028999936 10000
G 
1500000007062000128 10000
G 
1500000007095000064 10003
G 
1500000007128000000 10004
G 
1500000007160999936 9912
G 
1500000007193999872 9991
G 
1500000007227000064 10002
G 
1500000007260000000 10004
G 
1500000007292999936 10000
G 
1500000007326000128 9970
G 
1500000007359000064 10002
G 
1500000007392000000 9996
G 
1500000007424999936 10004
G 
1500000007457999872 9996
G 
1500000007491000064 9981
G 
1500000007524000000 10003
G 
1500000007556999936 10003
G 
1500000007590000128 10001
G 
1500000007623000064 10004
G 
1500000007656000000 10003
G 
1500000007688999936 10000
G 
1500000007721999872 10003
G 
1500000007755000064 10001
G 
1500000007788000000 10006
G 
1500000007820999936 10001
G 
1500000007854000128 10002
G 
1500000007887000064 10002
G 
1500000007920000000 10005
G 
1500000007952999936 10001
B 
1500000007985999872 10001
B 
1500000008019000064 10003
B 
1500000008052000000 10003
B 
1500000008084999936 10002
B 
1500000008118000128 10003
B 
1500000008151000064 10004
B 
1500000008184000000 10004
B 
1500000008216999936 10003
B 
1500000008249999872 10004
B 
1500000008283000064 10003
B 
1500000008316000000 10004
B 
1500000008348999936 10003
B 
1500000008382000128 10002
B 
1500000008415000064 10003
B 
1500000008448000000 10004
B 
1500000008480999936 10003
B 
1500000008513999872 10003
B 
1500000008547000064 10002
B 
1500000008580000000 10004
B 
1500000008612999936 10002
B 
1500000008646000128 10004
B 
1500000008679000064 10004
B 
1500000008712000000 10005
B 
1500000008744999936 10001
B 
1500000008777999872 10002
B 
1500000008811000064 10002
B 
1500000008844000000 10005
B 
1500000008876999936 10002
B 
1500000008910000128 10002
B 
1500000008943000064 10002
B 
1500000008976000000 10004
B 
1500000009008999936 10003
B 
1500000009041999872 10001
B 
1500000009075000064 10001
B 
1500000009108000000 10004
B 
1500000009140999936 10003
B 
1500000009174000128 10004
B 
1500000009207000064 10004
B 
1500000009240000000 10001
B 
1500000009272999936 10002
B 
1500000009305999872 10006
B 
1500000009339000064 10005
B 
1500000009372000000 10001
B 
1500000009404999936 10004
B 
1500000009438000128 10003
B 
1500000009471000064 10006
B 
1500000009504000000 10002
B 
1500000009536999936 10003
B 
1500000009569999872 10005
B 
1500000009603000064 10003
B 
1500000009636000000 10003
B 
1500000009668999936 10002
B 
1500000009702000128 10004
B 
1500000009735000064 10008
B 
1500000009768000000 10004
B 
1500000009800999936 10004
B 
1500000009833999872 10002
B 
1500000009867000064 10003
B 
1500000009900000000 10003
B 
1500000009932999936 10001
B 
1500000009966000128 10002
B 
1500000009999000064 10002
B 
1500000010032000000 10001
B 
1500000010064999936 10006
B 
1500000010097999872 10003
B 
1500000010131000064 10002
B 
1500000010164000000 10006
B 
1500000010196999936 10001
B 
1500000010230000128 10003
B 
1500000010263000064 10005
B 
1500000010296000000 10003
B 
1500000010328999936 10000
B 
1500000010361999872 10001
B 
1500000010395000064 10001
B 
1500000010428000000 10005
B 
1500000010460999936 10004
B 
1500000010494000128 10005
B 
1500000010527000064 10003
B 
1500000010560000000 10004
B 
1500000010592999936 10000
B 
1500000010625999872 10005
B 
1500000010659000064 10005
B 
1500000010692000000 10002
B 
1500000010724999936 10003
B 
1500000010758000128 10004
B 
1500000010791000064 10004
B 
1500000010824000000 10007
B 
1500000010856999936 10006
B 
1500000010889999872 10008
B 
1500000010923000064 10005
B 
1500000010956000000 10001
B 
1500000010988999936 24337
1500000011022000128 26246
1500000011055000064 10004
G 
1500000011088000000 10005
G 
1500000011120999936 10005
G 
1500000011153999872 10006
G 
1500000011187000064 10006
G 
1500000011220000000 10001
G 
1500000011252999936 10003
G 
1500000011286000128 10002
G 
1500000011319000064 10006
G 
1500000011352000000 10003
G 
1500000011384999936 10002
G 
1500000011417999872 10007
G 
1500000011451000064 10004
G 
1500000011484000000 10007
G 
1500000011516999936 10004
G 
1500000011550000128 10004
G 
1500000011583000064 10007
G 
1500000011616000000 10002
G 
1500000011648999936 10006
G 
1500000011681999872 10005
G 
1500000011715000064 10004
G 
1500000011748000000 10005
G 
1500000011780999936 10005
G 
1500000011814000128 10007
G 
1500000011847000064 10009
G 
1500000011880000000 10005
G 
1500000011912999936 10004
G 
1500000011945999872 10003
G 
1500000011979000064 10004
G 
1500000012012000000 10005
G 
1500000012044999936 10001
G 
1500000012078000128 10000
G 
1500000012111000064 10003
G 
1500000012144000000 10002
G 
1500000012176999936 10002
G 
1500000012209999872 10001
G 
1500000012243000064 10003
G 
1500000012276000000 10002
G 
1500000012308999936 10001
G 
1500000012342000128 10001
G 
1500000012375000064 10002
G 
1500000012408000000 10003
G 
1500000012440999936 10004
G 
1500000012473999872 10001
G 
1500000012507000064 10003
G 
1500000012540000000 10004
G 
1500000012572999936 10001
G 
1500000012606000128 10003
G 
1500000012639000064 10002
G 
1500000012672000000 10001
G 
1500000012704999936 10004
G 
1500000012737999872 10003
G 
1500000012771000064 10000
G 
1500000012804000000 10005
G 
1500000012836999936 10000
G 
1500000012870000128 10001
G 
1500000012903000064 10001
G 
1500000012936000000 10000
G 
1500000012968999936 9646
G 
1500000013001999872 9887
G 
1500000013035000064 9632
G 
1500000013068000000 9930
G 
1500000013100999936 9889
G 
1500000013134000128 9943
G 
1500000013167000064 9643
G 
1500000013200000000 9863
G 
1500000013232999936 9230
G 
1500000013265999872 9604
G 
1500000013299000064 9748
G 
1500000013332000000 9856
G 
1500000013364999936 9668
G 
1500000013398000128 9638
G 
1500000013431000064 9314
G 
1500000013464000000 9876
G 
1500000013496999936 9707
G 
1500000013529999872 9867
G 
1500000013563000064 9987
G 
1500000013596000000 10001
G 
1500000013628999936 10001
G 
1500000013662000128 10002
G 
1500000013695000064 10001
G 
1500000013728000000 10002
G 
1500000013760999936 10002
G 
1500000013793999872 10000
G 
1500000013827000064 10000
G 
1500000013860000000 10001
G 
1500000013892999936 10004
G 
1500000013926000128 10001
G 
1500000013959000064 10003
G 
1500000013992000000 10006
G 
1500000014024999936 10002
G 
1500000014057999872 10000
G 
1500000014091000064 10000
G 
1500000014124000000 10000
G 
1500000014156999936 10002
G 
1500000014190000128 10005
G 
1500000014223000064 10002
G 
1500000014256000000 10001
G 
1500000014288999936 10002
G 
1500000014321999872 10000
G 
1500000014355000064 10001
G 
1500000014388000000 10002
G 
1500000014420999936 10000
G 
1500000014454000128 10001
G 
1500000014487000064 10002
G 
1500000014520000000 10002
G 
1500000014552999936 10000
G 
1500000014585999872 10002
G 
1500000014619000064 10001
G 
1500000014652000000 10005
G 
1500000014684999936 10001
G 
1500000014718000128 10000
G 
1500000014751000064 10002
G 
1500000014784000000 10000
G 
1500000014816999936 10002
G 
1500000014849999872 10002
G 
1500000014883000064 10001
G 
1500000014916000000 10002
G 
1500000014948999936 10000
G 
1500000014982000128 10002
G 
1500000015015000064 10000
G 
1500000015048000000 10002
G 
1500000015080999936 10001
G 
1500000015113999872 10001
G 
1500000015147000064 10001
G 
1500000015180000000 9993
G 
1500000015212999936 10000
G 
1500000015246000128 10001
G 
1500000015279000064 10000
G 
1500000015312000000 10001
G 
1500000015344999936 10005
G 
1500000015377999872 10001
G 
1500000015411000064 10003
G 
1500000015444000000 10004
G 
1500000015476999936 10002
B 
1500000015510000128 10004
B 
1500000015543000064 10001
B 
1500000015576000000 10004
B 
1500000015608999936 10002
B 
1500000015641999872 10003
B 
1500000015675000064 10002
B 
1500000015708000000 10005
B 
1500000015740999936 10002
B 
1500000015774000128 10006
B 
1500000015807000064 10003
B 
1500000015840000000 10003
B 
1500000015872999936 10002
B 
1500000015905999872 10003
B 
1500000015939000064 10005
B 
1500000015972000000 10004
B 
1500000016004999936 9961
B 
1500000016038000128 9978
B 
1500000016071000064 9994
B 
1500000016104000000 10004
B 
1500000016136999936 10001
B 
1500000016169999872 10001
B 
1500000016203000064 10002
B 
1500000016236000000 10003
B 
1500000016268999936 10001
B 
1500000016302000128 10002
B 
1500000016335000064 10002
B 
1500000016368000000 10005
B 
1500000016400999936 10001
B 
1500000016433999872 10003
B 
1500000016467000064 10004
B 
1500000016500000000 10001
B 
1500000016532999936 10003
B 
1500000016566000128 10006
B 
1500000016599000064 10001
B 
1500000016632000000 9909
B 
1500000016664999936 9974
B 
1500000016697999872 10001
B 
1500000016731000064 10002
B 
1500000016764000000 9981
B 
1500000016796999936 10002
B 
1500000016830000128 10002
B 
1500000016863000064 9986
B 
1500000016896000000 9981
B 
1500000016928999936 9843
B 
1500000016961999872 9963
B 
1500000016995000064 9811
B 
1500000017028000000 9919
B 
1500000017060999936 9965
B 
1500000017094000128 10002
B 
1500000017127000064 9949
B 
1500000017160000000 9862
B 
1500000017192999936 9856
B 
1500000017225999872 9882
B 
1500000017259000064 9673
B 
1500000017292000000 9844
B 
1500000017324999936 9767
B 
1500000017358000128 9628
B 
1500000017391000064 9595
B 
1500000017424000000 9688
B 
1500000017456999936 9616
B 
1500000017489999872 9765
B 
1500000017523000064 9722
B 
1500000017556000000 9628
B 
1500000017588999936 9613
B 
1500000017622000128 9628
B 
1500000017655000064 9684
B 
1500000017688000000 9958
B 
1500000017720999936 9934
B 
1500000017753999872 9931
B 
1500000017787000064 9974
B 
1500000017820000000 9963
B 
1500000017852999936 10002
B 
1500000017886000128 10003
B 
1500000017919000064 10002
B 
1500000017952000000 10002
B 
1500000017984999936 10003
B 
1500000018017999872 10002
B 
1500000018051000064 10004
B 
1500000018084000000 10007
B 
1500000018116999936 10002
B 
1500000018150000128 10003
B 
1500000018183000064 10002
B 
1500000018216000000 10002
B 
1500000018248999936 10003
B 
1500000018281999872 10003
B 
1500000018315000064 10003
B 
1500000018348000000 10001
B 
1500000018380999936 10002
B 
1500000018414000128 10003
B 
1500000018447000064 10002
B 
1500000018480000000 19670
1500000018512999936 16150
1500000018545999872 16510
1500000018579000064 14226
1500000018612000000 18367
1500000018644999936 13287
1500000018678000128 14693
1500000018711000064 14375
1500000018744000000 19917
1500000018776999936 17307
1500000018809999872 18911
1500000018843000064 17774
1500000018876000000 22349
1500000018908999936 16836
1500000018942000128 18559
1500000018975000064 17738
1500000019008000000 22703
1500000019040999936 17969
1500000019073999872 19711
1500000019107000064 18059
1500000019140000000 20981
1500000019172999936 15935
1500000019206000128 17513
1500000019239000064 16547
1500000019272000000 21686
1500000019304999936 19400
1500000019337999872 21735
1500000019371000064 22560
1500000019404000000 24458
1500000019436999936 20164
1500000019470000128 21399
1500000019503000064 21273
1500000019536000000 26140
1500000019568999936 20445
1500000019601999872 21986
1500000019635000064 21649
1500000019668000000 26409
1500000019700999936 22610
1500000019734000128 22841
1500000019767000064 20214
1500000019800000000 25642
1500000019832999936 18897
1500000019865999872 19479
1500000019899000064 18038
1500000019932000000 24613
1500000019964999936 17280
1500000019998000128 19610
1500000020031000064 19267
1500000020064000000 24103
1500000020096999936 20429
1500000020129999872 22521
1500000020163000064 22775
1500000020196000000 26378
1500000020228999936 21885
1500000020262000128 24241
1500000020295000064 23162
1500000020328000000 27550
1500000020360999936 22916
1500000020393999872 24325
1500000020427000064 22996
1500000020460000000 26841
1500000020492999936 24674
1500000020526000128 24582
1500000020559000064 23502
1500000020592000000 26268
1500000020624999936 25995
1500000020657999872 25187
1500000020691000064 23894
1500000020724000000 24635
1500000020756999936 22464
1500000020790000128 25960
1500000020823000064 25264
1500000020856000000 27790
1500000020888999936 25886
1500000020921999872 27927
1500000020955000064 27592
1500000020988000000 30565
1500000021020999936 28010
1500000021054000128 27316
1500000021087000064 24993
1500000021120000000 24714
1500000021152999936 20549
1500000021185999872 19469
1500000021219000064 15609
1500000021252000000 24089
1500000021284999936 17985
1500000021318000128 20677
1500000021351000064 19243
1500000021384000000 23944
1500000021416999936 18779
1500000021449999872 19988
1500000021483000064 17182
1500000021516000000 23400
1500000021548999936 20636
1500000021582000128 23753
1500000021615000064 20616
1500000021648000000 25104
1500000021680999936 18969
1500000021713999872 21194
1500000021747000064 19500
1500000021780000000 26763
1500000021812999936 21853
1500000021846000128 24015
1500000021879000064 20318
1500000021912000000 26763
1500000021944999936 19985
1500000021977999872 20958
1500000022011000064 20123
1500000022044000000 22388
1500000022076999936 19480
1500000022110000128 18656
1500000022143000064 16510
1500000022176000000 18652
1500000022208999936 14535
1500000022241999872 13897
1500000022275000064 12365
1500000022308000000 15373
1500000022340999936 13320
1500000022374000128 15023
1500000022407000064 15925
1500000022440000000 19490
1500000022472999936 17605
1500000022505999872 18758
1500000022539000064 17949
1500000022572000000 21547
1500000022604999936 16233
1500000022638000128 16905
1500000022671000064 16800
1500000022704000000 20338
1500000022736999936 13709
1500000022769999872 15189
1500000022803000064 10000
G 
1500000022836000000 10001
G 
1500000022868999936 10001
G 
1500000022902000128 10001
G 
1500000022935000064 10002
G 
1500000022968000000 10002
G 
1500000023000999936 10001
G 
1500000023033999872 10003
G 
1500000023067000064 10001
G 
1500000023100000000 10000
G 
1500000023132999936 9978
G 
1500000023166000128 9985
G 
1500000023199000064 9899
G 
1500000023232000000 9945
G 
1500000023264999936 9906
G 
1500000023297999872 9836
G 
1500000023331000064 9717
G 
1500000023364000000 9760
G 
1500000023396999936 9672
G 
1500000023430000128 9584
G 
1500000023463000064 9413
G 
1500000023496000000 9631
G 
1500000023528999936 9401
G 
1500000023561999872 9337
G 
1500000023595000064 8975
G 
1500000023628000000 9295
G 
1500000023660999936 9418
G 
1500000023694000128 9573
G 
1500000023727000064 9565
G 
1500000023760000000 9618
G 
1500000023792999936 9577
G 
1500000023825999872 9638
G 
1500000023859000064 9584
G 
1500000023892000000 9760
G 
1500000023924999936 9583
G 
1500000023958000128 9621
G 
1500000023991000064 9464
G 
1500000024024000000 9584
G 
1500000024056999936 9674
G 
1500000024089999872 9566
G 
1500000024123000064 9591
G 
1500000024156000000 9579
G 
1500000024188999936 9488
G 
1500000024222000128 9609
G 
1500000024255000064 9438
G 
1500000024288000000 9787
G 
1500000024320999936 9780
G 
1500000024353999872 9887
G 
1500000024387000064 9866
G 
1500000024420000000 9789
G 
1500000024452999936 9869
G 
1500000024486000128 9939
G 
1500000024519000064 9497
G 
1500000024552000000 9886
G 
1500000024584999936 9844
G 
1500000024617999872 10001
G 
1500000024651000064 9974
G 
1500000024684000000 9947
G 
1500000024716999936 9918
G 
1500000024750000128 9979
G 
1500000024783000064 10002
G 
1500000024816000000 10000
G 
1500000024848999936 9960
G 
1500000024881999872 10005
G 
1500000024915000064 10001
G 
1500000024948000000 9997
G 
1500000024980999936 10001
G 
1500000025014000128 10006
G 
1500000025047000064 10005
G 
1500000025080000000 10004
G 
1500000025112999936 9962
G 
1500000025145999872 9953
G 
1500000025179000064 10005
G 
1500000025212000000 10003
G 
1500000025244999936 10008
G 
1500000025278000128 10004
G 
1500000025311000064 10006
G 
1500000025344000000 10005
G 
1500000025376999936 10002
G 
1500000025409999872 10004
G 
1500000025443000064 10003
G 
1500000025476000000 10003
G 
1500000025508999936 10004
G 
1500000025542000128 10003
G 
1500000025575000064 10004
G 
1500000025608000000 10005
G 
1500000025640999936 10002
G 
1500000025673999872 10002
G 
1500000025707000064 10001
G 
1500000025740000000 10005
G 
1500000025772999936 10000
G 
1500000025806000128 10004
G 
1500000025839000064 10002
G 
1500000025872000000 10003
G 
1500000025904999936 10001
G 
1500000025937999872 10002
G 
1500000025971000064 10000
G 
1500000026004000000 10000
G 
1500000026036999936 10001
G 
1500000026070000128 10005
G 
1500000026103000064 10003
G 
1500000026136000000 10002
G 
1500000026168999936 10006
G 
1500000026201999872 10008
G 
1500000026235000064 10007
G 
1500000026268000000 10007
G 
1500000026300999936 10003
G 
1500000026334000128 10011
G 
1500000026367000064 10006
G 
1500000026400000000 10008
G 
1500000026432999936 10004
G 
1500000026465999872 10002
G 
1500000026499000064 10003
G 
1500000026532000000 10000
G 
1500000026564999936 10001
G 
1500000026598000128 10001
G 
1500000026631000064 10003
G 
1500000026664000000 10003
G 
1500000026696999936 10003
G 
1500000026729999872 10003
G 
1500000026763000064 10004
G 
1500000026796000000 10006
G 
1500000026828999936 10009
G 
1500000026862000128 10006
G 
1500000026895000064 10008
G 
1500000026928000000 10007
G 
1500000026960999936 10001
G 
1500000026993999872 10007
G 
1500000027027000064 10003
G 
1500000027060000000 10005
G 
1500000027092999936 10002
G 
1500000027126000128 10000
G 
1500000027159000064 10000
G 
1500000027192000000 10004
G 
1500000027224999936 10001
G 
1500000027257999872 10003
G 
1500000027291000064 10003
G 
1500000027324000000 10007
G 
1500000027356999936 10004
G 
1500000027390000128 10003
G 
1500000027423000064 10001
G 
1500000027456000000 10003
G 
1500000027488999936 10005
G 
1500000027521999872 10002
G 
1500000027555000064 10003
G 
1500000027588000000 10002
G 
1500000027620999936 10002
G 
1500000027654000128 10004
G 
1500000027687000064 10005
G 
1500000027720000000 10002
G 
1500000027752999936 10003
G 
1500000027785999872 10004
G 
1500000027819000064 10005
G 
1500000027852000000 10005
G 
1500000027884999936 10003
G 
1500000027918000128 10010
G 
1500000027951000064 10005
G 
1500000027984000000 10008
G 
1500000028016999936 10008
G 
1500000028049999872 10005
G 
1500000028083000064 10004
G 
1500000028116000000 10001
G 
1500000028148999936 10000
G 
1500000028182000128 10004
G 
1500000028215000064 10003
G 
1500000028248000000 10004
G 
1500000028280999936 10003
G 
1500000028313999872 10004
G 
1500000028347000064 10001
G 
1500000028380000000 10002
G 
1500000028412999936 10002
G 
1500000028446000128 10000
G 
1500000028479000064 10000
G 
1500000028512000000 10003
G 
1500000028544999936 10003
G 
1500000028577999872 10006
G 
1500000028611000064 10002
G 
1500000028644000000 10003
G 
1500000028676999936 10001
G 
1500000028710000128 10003
G 
1500000028743000064 10001
G 
1500000028776000000 10004
G 
1500000028808999936 10001
G 
1500000028841999872 10004
G 
1500000028875000064 10002
G 
1500000028908000000 10006
G 
1500000028940999936 10004
G 
1500000028974000128 10007
G 
1500000029007000064 10006
G 
1500000029040000000 10007
G 
1500000029072999936 10004
G 
1500000029105999872 10002
G 
1500000029139000064 10003
G 
1500000029172000000 10004
G 
1500000029204999936 10003
G 
1500000029238000128 10003
G 
1500000029271000064 9881
G 
1500000029304000000 9940
G 
1500000029336999936 9992
G 
1500000029369999872 9998
G 
1500000029403000064 9870
G 
1500000029436000000 9927
G 
1500000029468999936 9849
G 
1500000029502000128 9977
G 
1500000029535000064 9947
G 
1500000029568000000 9912
G 
1500000029600999936 9529
G 
1500000029633999872 9576
G 
1500000029667000064 8994
G 
1500000029700000000 9180
G 
1500000029732999936 8790
G 
1500000029766000128 9334
G 
1500000029799000064 9216
G 
1500000029832000000 9101
G 
1500000029864999936 8048
G 
1500000029897999872 7685
G 
1500000029931000064 7251
G 
1500000029964000000 8106
G 
1500000029996999936 7062
G 
1500000030030000128 7849
G 
1500000030063000064 7788
G 
1500000030096000000 8792
G 
1500000030128999936 8379
G 
1500000030161999872 8827
G 
1500000030195000064 8344
G 
1500000030228000000 9376
B 
1500000030260999936 9272
B 
1500000030294000128 9397
B 
1500000030327000064 9720
B 
1500000030360000000 9825
B 
1500000030392999936 9769
B 
1500000030425999872 9878
B 
1500000030459000064 9980
B 
1500000030492000000 9895
B 
1500000030524999936 9836
B 
1500000030558000128 9871
B 
1500000030591000064 9808
B 
1500000030624000000 9959
B 
1500000030656999936 9952
B 
1500000030689999872 9891
B 
1500000030723000064 10000
B 
1500000030756000000 9977
B 
1500000030788999936 9989
B 
1500000030822000128 9954
B 
1500000030855000064 9978
B 
1500000030888000000 10002
B 
1500000030920999936 9988
B 
1500000030953999872 9912
B 
1500000030987000064 9978
B 
1500000031020000000 10004
B 
1500000031052999936 10005
B 
1500000031086000128 10007
B 
1500000031119000064 10000
B 
1500000031152000000 10005
B 
1500000031184999936 10005
B 
1500000031217999872 10005
B 
1500000031251000064 10005
B 
1500000031284000000 10005
B 
1500000031316999936 10004
B 
1500000031350000128 10004
B 
1500000031383000064 10006
B 
1500000031416000000 10008
B 
1500000031448999936 10002
B 
1500000031481999872 10002
B 
1500000031515000064 10000
B 
1500000031548000000 10000
B 
1500000031580999936 10001
B 
1500000031614000128 10005
B 
1500000031647000064 10005
B 
1500000031680000000 10007
B 
1500000031712999936 10007
B 
1500000031745999872 10003
B 
1500000031779000064 10005
B 
1500000031812000000 10004
B 
1500000031844999936 10003
B 
1500000031878000128 10006
B 
1500000031911000064 10005
B 
1500000031944000000 10005
B 
1500000031976999936 10007
B 
1500000032009999872 10004
B 
1500000032043000064 10004
B 
1500000032076000000 10006
B 
1500000032108999936 10004
B 
1500000032142000128 10007
B 
1500000032175000064 10004
B 
1500000032208000000 10009
B 
1500000032240999936 10004
B 
1500000032273999872 10005
B 
1500000032307000064 10005
B 
1500000032340000000 10008
B 
1500000032372999936 10004
B 
1500000032406000128 10004
B 
1500000032439000064 10007
B 
1500000032472000000 10009
B 
1500000032504999936 10006
B 
1500000032537999872 10010
B 
1500000032571000064 10000
B 
1500000032604000000 10006
B 
1500000032636999936 10004
B 
1500000032670000128 10006
B 
1500000032703000064 10004
B 
1500000032736000000 10004
B 
1500000032768999936 10006
B 
1500000032801999872 10002
B 
1500000032835000064 10008
B 
1500000032868000000 10004
B 
1500000032900999936 10003
B 
1500000032934000128 10005
B 
1500000032967000064 10006
B 
1500000033000000000 10009
B 
1500000033032999936 10005
B 
1500000033065999872 10007
B 
1500000033099000064 10002
B 
1500000033132000000 10004
B 
1500000033164999936 10002
B 
1500000033198000128 10004
B 
1500000033231000064 32530
1500000033264000000 37602
1500000033296999936 26957
1500000033329999872 10006
G 
1500000033363000064 10004
G 
1500000033396000000 10005
G 
1500000033428999936 10003
G 
1500000033462000128 10006
G 
1500000033495000064 10007
G 
1500000033528000000 10003
G 
1500000033560999936 10004
G 
1500000033593999872 10005
G 
1500000033627000064 10006
B 
1500000033660000000 10004
B 
1500000033692999936 10002
B 
1500000033726000128 10004
B 
1500000033759000064 10004
B 
1500000033792000000 10007
B 
1500000033824999936 10003
B 
1500000033857999872 10001
B 
1500000033891000064 10003
B 
1500000033924000000 10003
B 
1500000033956999936 10004
B 
1500000033990000128 10002
B 
1500000034023000064 10005
B 
1500000034056000000 10004
B 
1500000034088999936 10002
B 
1500000034121999872 10008
B 
1500000034155000064 10004
B 
1500000034188000000 10006
B 
1500000034220999936 10008
B 
1500000034254000128 10004
B 
1500000034287000064 10003
B 
1500000034320000000 10007
B 
1500000034352999936 10004
B 
1500000034385999872 10007
B 
1500000034419000064 10005
B 
1500000034452000000 10005
B 
1500000034484999936 10006
B 
1500000034518000128 10008
B 
1500000034551000064 10008
B 
1500000034584000000 10005
B 
1500000034616999936 10003
B 
1500000034649999872 10004
B 
1500000034683000064 10003
B 
1500000034716000000 10002
B 
1500000034748999936 10006
B 
1500000034782000128 10007
B 
1500000034815000064 10003
B 
1500000034848000000 10006
B 
1500000034880999936 10005
B 
1500000034913999872 10008
B 
1500000034947000064 10003
B 
1500000034980000000 10003
B 
1500000035012999936 10006
B 
1500000035046000128 10003
B 
1500000035079000064 10011
B 
1500000035112000000 10005
B 
1500000035144999936 10006
B 
1500000035177999872 10004
B 
1500000035211000064 10005
B 
1500000035244000000 10007
B 
1500000035276999936 10008
B 
1500000035310000128 10006
B 
1500000035343000064 10004
B 
1500000035376000000 10006
B 
1500000035408999936 10003
B 
1500000035441999872 10006
B 
1500000035475000064 10006
B 
1500000035508000000 10001
B 
1500000035540999936 10006
B 
1500000035574000128 10005
B 
1500000035607000064 10008
B 
1500000035640000000 10006
B 
1500000035672999936 10005
B 
1500000035705999872 10007
B 
1500000035739000064 10009
B 
1500000035772000000 10006
B 
1500000035804999936 10004
B 
1500000035838000128 10002
B 
1500000035871000064 10000
B 
1500000035904000000 10003
B 
1500000035936999936 10005
B 
1500000035969999872 10002
B 
1500000036003000064 10003
B 
1500000036036000000 10003
B 
1500000036068999936 10001
B 
1500000036102000128 10002
B 
1500000036135000064 10002
B 
1500000036168000000 10006
B 
1500000036200999936 10002
B 
1500000036233999872 10004
B 
1500000036267000064 10003
B 
1500000036300000000 10005
B 
1500000036332999936 10003
B 
1500000036366000128 10005
B 
1500000036399000064 10000
B 
1500000036432000000 10006
B 
1500000036464999936 10004
B 
1500000036497999872 10003
B 
1500000036531000064 10005
B 
1500000036564000000 10005
B 
1500000036596999936 10002
B 
1500000036630000128 24174
1500000036663000064 23520
1500000036696000000 10004
G 
1500000036728999936 10004
G 
1500000036761999872 10005
G 
1500000036795000064 10001
G 
1500000036828000000 10005
G 
1500000036860999936 10002
G 
1500000036894000128 10002
G 
1500000036927000064 10003
G 
1500000036960000000 10001
G 
1500000036992999936 10003
G 
1500000037025999872 10005
G 
1500000037059000064 10004
G 
1500000037092000000 10005
G 
1500000037124999936 10003
G 
1500000037158000128 10003
G 
1500000037191000064 10003
G 
1500000037224000000 10004
G 
1500000037256999936 10003
G 
1500000037289999872 10005
G 
1500000037323000064 10004
G 
1500000037356000000 10005
G 
1500000037388999936 10003
G 
1500000037422000128 10004
G 
1500000037455000064 10004
G 
1500000037488000000 10002
G 
1500000037520999936 10002
G 
1500000037553999872 10005
G 
1500000037587000064 10003
G 
1500000037620000000 10007
G 
1500000037652999936 10002
G 
1500000037686000128 10005
G 
1500000037719000064 10005
G 
1500000037752000000 10007
G 
1500000037784999936 10002
G 
1500000037817999872 10001
G 
1500000037851000064 10000
G 
1500000037884000000 10001
G 
1500000037916999936 10002
G 
1500000037950000128 10002
G 
1500000037983000064 10003
G 
1500000038016000000 10002
G 
1500000038048999936 10004
G 
1500000038081999872 10003
G 
1500000038115000064 10001
G 
1500000038148000000 10001
G 
1500000038180999936 10001
G 
1500000038214000128 10001
G 
1500000038247000064 10000
G 
1500000038280000000 10001
G 
1500000038312999936 10001
G 
1500000038345999872 10002
G 
1500000038379000064 10007
G 
1500000038412000000 10001
G 
1500000038444999936 10001
G 
1500000038478000128 10003
G 
1500000038511000064 10002
G 
1500000038544000000 10001
G 
1500000038576999936 10000
G 
1500000038609999872 10001
G 
1500000038643000064 10000
G 
1500000038676000000 10006
G 
1500000038708999936 10003
G 
1500000038742000128 10005
G 
1500000038775000064 10002
G 
1500000038808000000 10004
G 
1500000038840999936 10002
G 
1500000038873999872 10008
G 
1500000038907000064 10005
G 
1500000038940000000 10003
G 
1500000038972999936 10005
G 
1500000039006000128 10004
G 
1500000039039000064 10003
G 
1500000039072000000 10006
G 
1500000039104999936 10002
G 
1500000039137999872 10004
G 
1500000039171000064 9991
G 
1500000039204000000 10001
G 
1500000039236999936 10001
G 
1500000039270000128 9982
G 
1500000039303000064 9945
G 
1500000039336000000 10005
G 
1500000039368999936 10002
G 
1500000039401999872 10003
G 
1500000039435000064 10002
G 
1500000039468000000 10004
G 
1500000039500999936 10001
G 
1500000039534000128 10004
G 
1500000039567000064 10003
G 
1500000039600000000 10001
G 
1500000039632999936 10003
G 
1500000039665999872 10009
G 
1500000039699000064 9949
G 
1500000039732000000 10005
G 
1500000039764999936 10006
G 
1500000039798000128 10006
G 
1500000039831000064 10005
G 
1500000039864000000 10010
G 
1500000039896999936 10005
G 
1500000039929999872 10008
G 
1500000039963000064 10005
G 
1500000039996000000 10002
G 
1500000040028999936 10003
G 
1500000040062000128 10005
G 
1500000040095000064 10004
G 
1500000040128000000 10005
G 
1500000040160999936 10005
G 
1500000040193999872 10003
G 
1500000040227000064 10004
G 
1500000040260000000 10004
G 
1500000040292999936 10003
G 
1500000040326000128 10002
G 
1500000040359000064 10001
G 
1500000040392000000 10006
G 
1500000040424999936 10002
G 
1500000040457999872 10003
G 
1500000040491000064 10006
G 
1500000040524000000 10004
G 
1500000040556999936 10004
G 
1500000040590000128 10004
G 
1500000040623000064 10000
G 
1500000040656000000 10004
G 
1500000040688999936 9981
G 
1500000040721999872 10001
G 
1500000040755000064 10002
G 
1500000040788000000 10004
G 
1500000040820999936 9941
G 
1500000040854000128 9985
G 
1500000040887000064 9853
G 
1500000040920000000 9995
G 
1500000040952999936 9668
G 
1500000040985999872 9850
G 
1500000041019000064 9692
G 
1500000041052000000 9917
G 
1500000041084999936 9761
G 
1500000041118000128 9939
G 
1500000041151000064 9590
G 
1500000041184000000 9948
G 
1500000041216999936 9914
G 
1500000041249999872 9964
G 
1500000041283000064 10002
G 
1500000041316000000 10003
G 
1500000041348999936 10000
G 
1500000041382000128 10000
G 
1500000041415000064 10002
G 
1500000041448000000 10004
B 
1500000041480999936 9980
B 
1500000041513999872 10001
B 
1500000041547000064 10001
B 
1500000041580000000 9934
B 
1500000041612999936 9976
B 
1500000041646000128 9959
B 
1500000041679000064 9985
B 
1500000041712000000 10006
B 
1500000041744999936 9985
B 
1500000041777999872 9952
B 
1500000041811000064 9897
B 
1500000041844000000 9920
B 
1500000041876999936 9953
B 
1500000041910000128 9808
B 
1500000041943000064 9791
B 
1500000041976000000 9945
B 
1500000042008999936 9926
B 
1500000042041999872 10001
B 
1500000042075000064 10003
B 
1500000042108000000 10003
B 
1500000042140999936 9903
B 
1500000042174000128 9985
B 
1500000042207000064 10003
B 
1500000042240000000 9968
B 
1500000042272999936 10000
B 
1500000042305999872 10003
B 
1500000042339000064 10003
B 
1500000042372000000 9995
B 
1500000042404999936 9929
B 
1500000042438000128 9900
B 
1500000042471000064 9869
B 
1500000042504000000 9899
B 
1500000042536999936 9937
B 
1500000042569999872 9901
B 
1500000042603000064 9873
B 
1500000042636000000 9956
B 
1500000042668999936 9359
B 
1500000042702000128 9537
B 
1500000042735000064 9274
B 
1500000042768000000 9700
B 
1500000042800999936 8535
B 
1500000042833999872 8974
B 
1500000042867000064 8502
B 
1500000042900000000 9446
B 
1500000042932999936 8417
B 
1500000042966000128 9173
B 
1500000042999000064 8589
B 
1500000043032000000 9437
B 
1500000043064999936 8817
B 
1500000043097999872 8957
B 
1500000043131000064 8754
B 
1500000043164000000 9485
B 
1500000043196999936 9315
B 
1500000043230000128 9484
B 
1500000043263000064 9417
B 
1500000043296000000 9825
B 
1500000043328999936 9588
B 
1500000043361999872 9568
B 
1500000043395000064 9508
B 
1500000043428000000 9787
B 
1500000043460999936 9426
B 
1500000043494000128 9540
B 
1500000043527000064 9373
B 
1500000043560000000 9602
B 
1500000043592999936 9173
B 
1500000043625999872 9435
B 
1500000043659000064 9304
B 
1500000043692000000 9637
B 
1500000043724999936 9073
B 
1500000043758000128 9345
B 
1500000043791000064 8968
B 
1500000043824000000 9770
B 
1500000043856999936 9542
B 
1500000043889999872 9734
B 
1500000043923000064 9589
B 
1500000043956000000 9934
B 
1500000043988999936 9427
B 
1500000044022000128 9786
B 
1500000044055000064 9868
B 
1500000044088000000 9932
B 
1500000044120999936 9975
B 
1500000044153999872 9922
B 
1500000044187000064 10002
B 
1500000044220000000 10001
B 
1500000044252999936 9956
B 
1500000044286000128 9994
B 
1500000044319000064 9953
B 
1500000044352000000 10002
B 
1500000044384999936 10000
B 
1500000044417999872 10003
B 
1500000044451000064 22963
1500000044484000000 24035
1500000044516999936 19537
1500000044550000128 20345
1500000044583000064 17617
1500000044616000000 24215
1500000044648999936 17070
1500000044681999872 19181
1500000044715000064 16398
1500000044748000000 25027
1500000044780999936 16995
1500000044814000128 20357
1500000044847000064 19501
1500000044880000000 29433
1500000044912999936 22105
1500000044945999872 24379
1500000044979000064 22996
1500000045012000000 34334
1500000045044999936 25703
1500000045078000128 21002
1500000045111000064 18260
1500000045144000000 29360
1500000045176999936 17897
1500000045209999872 20126
1500000045243000064 19772
1500000045276000000 28641
1500000045308999936 15874
1500000045342000128 19403
1500000045375000064 18286
1500000045408000000 27400
1500000045440999936 21289
1500000045473999872 22785
1500000045507000064 18406
1500000045540000000 27324
1500000045572999936 25184
1500000045606000128 22026
1500000045639000064 23211
1500000045672000000 28120
1500000045704999936 24880
1500000045737999872 26326
1500000045771000064 23836
1500000045804000000 31298
1500000045836999936 22797
1500000045870000128 24156
1500000045903000064 20610
1500000045936000000 30017
1500000045968999936 20581
1500000046001999872 24382
1500000046035000064 21184
1500000046068000000 30191
1500000046100999936 20164
1500000046134000128 22925
1500000046167000064 19826
1500000046200000000 33846
1500000046232999936 23553
1500000046265999872 25572
1500000046299000064 22438
1500000046332000000 31804
1500000046364999936 25673
1500000046398000128 24847
1500000046431000064 19455
1500000046464000000 21165
1500000046496999936 16694
1500000046529999872 18245
1500000046563000064 17057
1500000046596000000 22365
1500000046628999936 17628
1500000046662000128 18307
1500000046695000064 17229
1500000046728000000 19957
1500000046760999936 15336
1500000046793999872 15766
1500000046827000064 15219
1500000046860000000 19377
1500000046892999936 13257
1500000046926000128 14028
1500000046959000064 12905
1500000046992000000 17367
1500000047024999936 15770
1500000047057999872 15227
1500000047091000064 17295
1500000047124000000 16422
1500000047156999936 16987
1500000047190000128 23282
1500000047223000064 20658
1500000047256000000 23836
1500000047288999936 21698
1500000047321999872 24213
1500000047355000064 22073
1500000047388000000 25402
1500000047420999936 22461
1500000047454000128 24004
1500000047487000064 24012
1500000047520000000 26362
1500000047552999936 20196
1500000047585999872 20911
1500000047619000064 18450
1500000047652000000 22555
1500000047684999936 18745
1500000047718000128 19434
1500000047751000064 17610
1500000047784000000 21035
1500000047816999936 17058
1500000047849999872 19982
1500000047883000064 18584
1500000047916000000 22380
1500000047948999936 20519
1500000047982000128 21367
1500000048015000064 18292
1500000048048000000 20079
1500000048080999936 15920
1500000048113999872 17276
1500000048147000064 15200
1500000048180000000 18524
1500000048212999936 16696
1500000048246000128 16504
1500000048279000064 13941
1500000048312000000 16804
1500000048344999936 12409
1500000048377999872 13073
1500000048411000064 11660
1500000048444000000 14274
1500000048476999936 10375
1500000048510000128 10591
1500000048543000064 10350
1500000048576000000 15230
1500000048608999936 12816
1500000048641999872 13009
1500000048675000064 15125
1500000048708000000 17771
1500000048740999936 18487
1500000048774000128 20494
1500000048807000064 21442
1500000048840000000 25099
1500000048872999936 22218
1500000048905999872 22876
1500000048939000064 20570
1500000048972000000 25093
1500000049004999936 19543
1500000049038000128 20928
1500000049071000064 21309
1500000049104000000 25186
1500000049136999936 19243
1500000049169999872 20888
1500000049203000064 20278
1500000049236000000 27720
1500000049268999936 23952
1500000049302000128 25741
1500000049335000064 24695
1500000049368000000 28271
1500000049400999936 23197
1500000049433999872 22704
1500000049467000064 21530
1500000049500000000 28069
1500000049532999936 22355
1500000049566000128 22508
1500000049599000064 21452
1500000049632000000 26472
1500000049664999936 21461
1500000049697999872 22872
1500000049731000064 23177
1500000049764000000 30245
1500000049796999936 24586
1500000049830000128 27399
1500000049863000064 25875
1500000049896000000 32562
1500000049928999936 22063
1500000049961999872 24156
1500000049995000064 21619
1500000050028000000 28965
1500000050060999936 20210
1500000050094000128 20505
1500000050127000064 19124
1500000050160000000 25831
1500000050192999936 18423
1500000050225999872 19603
1500000050259000064 16768
1500000050292000000 22990
1500000050324999936 17195
1500000050358000128 19045
1500000050391000064 18887
1500000050424000000 21288
1500000050456999936 15129
1500000050489999872 15716
1500000050523000064 14052
1500000050556000000 20073
1500000050588999936 12971
1500000050622000128 14342
1500000050655000064 13198
1500000050688000000 18222
1500000050720999936 15103
1500000050753999872 16589
1500000050787000064 16382
1500000050820000000 21777
1500000050852999936 17172
1500000050886000128 18910
1500000050919000064 18248
1500000050952000000 23624
1500000050984999936 19487
1500000051017999872 20448
1500000051051000064 16919
1500000051084000000 22346
1500000051116999936 16196
1500000051150000128 18066
1500000051183000064 16827
1500000051216000000 23357
1500000051248999936 18097
1500000051281999872 19058
1500000051315000064 18073
1500000051348000000 23213
1500000051380999936 17230
1500000051414000128 18581
1500000051447000064 17048
1500000051480000000 21265
1500000051512999936 17728
1500000051545999872 17232
1500000051579000064 16195
1500000051612000000 20718
1500000051644999936 18191
1500000051678000128 10001
G 
1500000051711000064 10001
G 
1500000051744000000 10005
G 
1500000051776999936 10004
G 
1500000051809999872 10004
G 
1500000051843000064 10000
G 
1500000051876000000 10002
G 
1500000051908999936 10001
G 
1500000051942000128 10001
G 
1500000051975000064 10002
G 
1500000052008000000 10005
G 
1500000052040999936 10003
G 
1500000052073999872 10001
G 
1500000052107000064 10000
G 
1500000052140000000 10002
G 
1500000052172999936 10001
G 
1500000052206000128 10002
G 
1500000052239000064 10005
G 
1500000052272000000 10002
G 
1500000052304999936 10001
G 
1500000052337999872 10003
G 
1500000052371000064 10002
G 
1500000052404000000 10001
G 
1500000052436999936 10002
G 
1500000052470000128 10000
G 
1500000052503000064 10000
G 
1500000052536000000 10001
G 
1500000052568999936 10001
G 
1500000052601999872 10003
G 
1500000052635000064 10003
G 
1500000052668000000 10006
G 
1500000052700999936 10002
G 
1500000052734000128 10003
G 
1500000052767000064 10001
G 
1500000052800000000 10003
G 
1500000052832999936 10004
G 
1500000052865999872 10003
G 
1500000052899000064 10004
G 
1500000052932000000 10006
G 
1500000052964999936 10001
G 
1500000052998000128 10003
G 
1500000053031000064 10004
G 
1500000053064000000 10007
G 
1500000053096999936 10005
G 
1500000053129999872 10004
G 
1500000053163000064 10004
G 
1500000053196000000 10004
G 
1500000053228999936 10003
G 
1500000053262000128 10002
G 
1500000053295000064 10002
G 
1500000053328000000 10001
G 
1500000053360999936 10005
G 
1500000053393999872 10007
G 
1500000053427000064 10002
G 
1500000053460000000 10003
G 
1500000053492999936 10003
G 
1500000053526000128 10004
G 
1500000053559000064 10003
G 
1500000053592000000 10004
G 
1500000053624999936 10003
G 
1500000053657999872 10002
G 
1500000053691000064 10001
G 
1500000053724000000 10002
G 
1500000053756999936 10003
G 
1500000053790000128 10002
G 
1500000053823000064 10001
G 
1500000053856000000 10001
G 
1500000053888999936 10002
G 
1500000053921999872 10004
G 
1500000053955000064 10002
G 
1500000053988000000 10004
G 
1500000054020999936 10001
G 
