1413394881555760384 4887
1413394881605760512 4921
1413394881655760384 4884
1413394881705760512 4851
1413394881755760384 4863
1413394881805760512 4904
1413394881855760384 5032
1413394881905760512 4942
1413394881955760384 4959
1413394882005760512 4798
1413394882055760384 4959
1413394882105760512 4725
1413394882155760384 4963
1413394882205760512 4986
1413394882255760384 4860
1413394882305760512 4882
1413394882355760384 4821
1413394882405760512 4956
1413394882455760384 4864
1413394882505760512 4819
1413394882555760384 4809
1413394882605760512 4957
1413394882655760384 4968
1413394882705760512 4860
1413394882755760384 5029
1413394882805760512 4765
1413394882855760384 4978
1413394882905760512 4907
1413394882955760384 4989
1413394883005760512 4801
1413394883055760384 4892
1413394883105760512 4993
1413394883155760384 4908
1413394883205760512 4898
1413394883255760384 4916
1413394883305760512 4752
1413394883355760384 4970
1413394883405760512 4920
1413394883455760384 4846
1413394883505760512 4899
1413394883555760384 4884
1413394883605760512 4827
1413394883655760384 4920
1413394883705760512 4915
1413394883755760384 4999
1413394883805760512 4884
1413394883855760384 4888
1413394883905760512 4811
1413394883955760384 4839
1413394884005760512 4870
1413394884055760384 4883
1413394884105760512 4719
1413394884155760384 5032
1413394884205760512 4935
1413394884255760384 4969
1413394884305760512 4863
1413394884355760384 4897
1413394884405760512 4853
1413394884455760384 4907
1413394884505760512 4850
1413394884555760384 4859
1413394884605760512 4861
1413394884655760384 4914
1413394884705760512 4955
1413394884755760384 4887
1413394884805760512 4953
1413394884855760384 4814
1413394884905760512 4982
1413394884955760384 4915
1413394885005760512 4892
1413394885055760384 4799
1413394885105760512 5020
1413394885155760384 4914
1413394885205760512 4950
1413394885255760384 4957
1413394885305760512 4891
1413394885355760384 4850
1413394885405760512 5080
1413394885455760384 4913
1413394885505760512 5018
1413394885555760384 4936
1413394885605760512 4851
1413394885655760384 4856
1413394885705760512 4919
1413394885755760384 4937
1413394885805760512 5001
1413394885855760384 4935
1413394885905760512 4883
1413394885955760384 4810
1413394886005760512 4886
1413394886055760384 4913
1413394886105760512 4769
1413394886155760384 4992
1413394886205760512 4998
1413394886255760384 5015
1413394886305760512 4903
1413394886355760384 4904
1413394886405760512 4762
1413394886455760384 4757
1413394886505760512 4790
1413394886555760384 4842
1413394886605760512 4895
1413394886655760384 4904
1413394886705760512 4943
1413394886755760384 4929
1413394886805760512 4885
1413394886855760384 4977
1413394886905760512 4981
1413394886955760384 4960
1413394887005760512 4942
1413394887055760384 4991
1413394887105760512 4834
1413394887155760384 4799
1413394887205760512 4777
1413394887255760384 4728
1413394887305760512 4844
1413394887355760384 4925
1413394887405760512 5018
1413394887455760384 1503
G 
1413394887505760512 1500
G 
1413394887555760384 1502
G 
1413394887605760512 1505
G 
1413394887655760384 1502
G 
1413394887705760512 1504
G 
1413394887755760384 1503
G 
1413394887805760512 1507
G 
1413394887855760384 1505
G 
1413394887905760512 1504
G 
1413394887955760384 1504
G 
1413394888005760512 1502
G 
1413394888055760384 1504
G 
1413394888105760512 1502
G 
1413394888155760384 1504
G 
1413394888205760512 1503
G 
1413394888255760384 1504
G 
1413394888305760512 1503
G 
1413394888355760384 1502
G 
1413394888405760512 1502
G 
1413394888455760384 1504
G 
1413394888505760512 1504
G 
1413394888555760384 1504
G 
1413394888605760512 1502
G 
1413394888655760384 1503
G 
1413394888705760512 1503
G 
1413394888755760384 1505
G 
1413394888805760512 1502
G 
1413394888855760384 1504
G 
1413394888905760512 1501
G 
1413394888955760384 1504
G 
1413394889005760512 1502
G 
1413394889055760384 1502
G 
1413394889105760512 1506
G 
1413394889155760384 1507
G 
1413394889205760512 1504
G 
1413394889255760384 1501
G 
1413394889305760512 1494
G 
1413394889355760384 1489
G 
1413394889405760512 1458
G 
1413394889455760384 1439
G 
1413394889505760512 1423
G 
1413394889555760384 1443
G 
1413394889605760512 1439
G 
1413394889655760384 1464
G 
1413394889705760512 1481
G 
1413394889755760384 1490
G 
1413394889805760512 1497
G 
1413394889855760384 1505
G 
1413394889905760512 1502
G 
1413394889955760384 1506
G 
1413394890005760512 1507
G 
1413394890055760384 1508
G 
1413394890105760512 1508
G 
1413394890155760384 1505
G 
1413394890205760512 1503
G 
1413394890255760384 1507
G 
1413394890305760512 1505
G 
1413394890355760384 1498
G 
1413394890405760512 1491
G 
1413394890455760384 1494
G 
1413394890505760512 1487
G 
1413394890555760384 1481
G 
1413394890605760512 1451
G 
1413394890655760384 1422
G 
1413394890705760512 1396
G 
1413394890755760384 1405
G 
1413394890805760512 1409
G 
1413394890855760384 1436
G 
1413394890905760512 1448
G 
1413394890955760384 1468
G 
1413394891005760512 1498
G 
1413394891055760384 1506
G 
1413394891105760512 1504
G 
1413394891155760384 1504
G 
1413394891205760512 1503
G 
1413394891255760384 1505
G 
1413394891305760512 1505
G 
1413394891355760384 1505
G 
1413394891405760512 1503
G 
1413394891455760384 1507
G 
1413394891505760512 1505
G 
1413394891555760384 1503
G 
1413394891605760512 1507
G 
1413394891655760384 1504
G 
1413394891705760512 1504
G 
1413394891755760384 1501
G 
1413394891805760512 1499
G 
1413394891855760384 1486
G 
1413394891905760512 1476
G 
1413394891955760384 1471
G 
1413394892005760512 1444
G 
1413394892055760384 1392
G 
1413394892105760512 1369
G 
1413394892155760384 1363
G 
1413394892205760512 1353
G 
1413394892255760384 1356
G 
1413394892305760512 1338
G 
1413394892355760384 1323
G 
1413394892405760512 1366
G 
1413394892455760384 1361
G 
1413394892505760512 1378
G 
1413394892555760384 1400
G 
1413394892605760512 1418
G 
1413394892655760384 1447
G 
1413394892705760512 1453
G 
1413394892755760384 1473
G 
1413394892805760512 1476
G 
1413394892855760384 1472
G 
1413394892905760512 1482
G 
1413394892955760384 1494
G 
1413394893005760512 1487
G 
1413394893055760384 1468
G 
1413394893105760512 1454
G 
1413394893155760384 1468
G 
1413394893205760512 1477
G 
1413394893255760384 1473
G 
1413394893305760512 1468
G 
1413394893355760384 1435
G 
1413394893405760512 1419
G 
1413394893455760384 1409
G 
1413394893505760512 1415
G 
1413394893555760384 1424
G 
1413394893605760512 1417
G 
1413394893655760384 1392
G 
1413394893705760512 1395
G 
1413394893755760384 1378
G 
1413394893805760512 1375
G 
1413394893855760384 1379
G 
1413394893905760512 1354
G 
1413394893955760384 1350
G 
1413394894005760512 1358
G 
1413394894055760384 1338
G 
1413394894105760512 1375
G 
1413394894155760384 1328
G 
1413394894205760512 1341
G 
1413394894255760384 1337
G 
1413394894305760512 1383
G 
1413394894355760384 1394
G 
1413394894405760512 1385
G 
1413394894455760384 1355
G 
1413394894505760512 1360
G 
1413394894555760384 1335
G 
1413394894605760512 1306
G 
1413394894655760384 1312
G 
1413394894705760512 1304
G 
1413394894755760384 1325
G 
1413394894805760512 1321
G 
1413394894855760384 1375
G 
1413394894905760512 1366
G 
1413394894955760384 1396
G 
1413394895005760512 1403
G 
1413394895055760384 1412
G 
1413394895105760512 1447
G 
1413394895155760384 1424
G 
1413394895205760512 1439
G 
1413394895255760384 1448
G 
1413394895305760512 1441
G 
1413394895355760384 1464
G 
1413394895405760512 1463
G 
1413394895455760384 1463
G 
1413394895505760512 1461
G 
1413394895555760384 1449
G 
1413394895605760512 1454
G 
1413394895655760384 1457
G 
1413394895705760512 1466
G 
1413394895755760384 1468
G 
1413394895805760512 1469
G 
1413394895855760384 1486
G 
1413394895905760512 1495
G 
1413394895955760384 1494
G 
1413394896005760512 1486
G 
1413394896055760384 1502
G 
1413394896105760512 1504
G 
1413394896155760384 1504
G 
1413394896205760512 1500
G 
1413394896255760384 1502
G 
1413394896305760512 1499
G 
1413394896355760384 1502
G 
1413394896405760512 1506
G 
1413394896455760384 1501
G 
1413394896505760512 1501
G 
1413394896555760384 1505
G 
1413394896605760512 1502
G 
1413394896655760384 1500
G 
1413394896705760512 1500
G 
1413394896755760384 1500
G 
1413394896805760512 1503
G 
1413394896855760384 1504
G 
1413394896905760512 1504
G 
1413394896955760384 1503
G 
1413394897005760512 1504
G 
1413394897055760384 1506
G 
1413394897105760512 1501
G 
1413394897155760384 1503
G 
1413394897205760512 1507
G 
1413394897255760384 1506
G 
1413394897305760512 1501
G 
1413394897355760384 1508
G 
1413394897405760512 1502
G 
1413394897455760384 1483
G 
1413394897505760512 1480
G 
1413394897555760384 1475
G 
1413394897605760512 1469
G 
1413394897655760384 1466
G 
1413394897705760512 1431
G 
1413394897755760384 1415
G 
1413394897805760512 1417
G 
1413394897855760384 1410
G 
1413394897905760512 1421
G 
1413394897955760384 1423
G 
1413394898005760512 1385
G 
1413394898055760384 1383
G 
1413394898105760512 1396
G 
1413394898155760384 1364
G 
1413394898205760512 1370
G 
1413394898255760384 1374
G 
1413394898305760512 1370
G 
1413394898355760384 1351
G 
1413394898405760512 1352
G 
1413394898455760384 1309
G 
1413394898505760512 1323
G 
1413394898555760384 1287
G 
1413394898605760512 1258
G 
1413394898655760384 1321
G 
1413394898705760512 1282
G 
1413394898755760384 1306
G 
1413394898805760512 1306
G 
1413394898855760384 1320
G 
1413394898905760512 1335
G 
1413394898955760384 1324
G 
1413394899005760512 1286
G 
1413394899055760384 1271
G 
1413394899105760512 1281
G 
1413394899155760384 1302
G 
1413394899205760512 1325
G 
1413394899255760384 1303
G 
1413394899305760512 1366
G 
1413394899355760384 1339
G 
1413394899405760512 1338
G 
1413394899455760384 1356
G 
1413394899505760512 1361
G 
1413394899555760384 1370
G 
1413394899605760512 1384
G 
1413394899655760384 1392
G 
1413394899705760512 1428
G 
1413394899755760384 1446
G 
1413394899805760512 1440
G 
1413394899855760384 1468
G 
1413394899905760512 1475
G 
1413394899955760384 1458
G 
1413394900005760512 1465
G 
1413394900055760384 1474
G 
1413394900105760512 1488
G 
1413394900155760384 1499
G 
1413394900205760512 1503
G 
1413394900255760384 1503
G 
1413394900305760512 1503
G 
1413394900355760384 1508
G 
1413394900405760512 1502
G 
1413394900455760384 1504
G 
1413394900505760512 1502
G 
1413394900555760384 1504
G 
1413394900605760512 1503
G 
1413394900655760384 1505
G 
1413394900705760512 1503
G 
1413394900755760384 1506
G 
1413394900805760512 1508
G 
1413394900855760384 1503
G 
1413394900905760512 1505
G 
1413394900955760384 1508
G 
1413394901005760512 1502
G 
1413394901055760384 1502
G 
1413394901105760512 1505
G 
1413394901155760384 1502
G 
1413394901205760512 1495
G 
1413394901255760384 1465
G 
1413394901305760512 1466
G 
1413394901355760384 1436
G 
1413394901405760512 1415
G 
1413394901455760384 1428
G 
1413394901505760512 1393
G 
1413394901555760384 1358
G 
1413394901605760512 1382
G 
1413394901655760384 1406
G 
1413394901705760512 1419
G 
1413394901755760384 1449
G 
1413394901805760512 1481
G 
1413394901855760384 1472
G 
1413394901905760512 1490
G 
1413394901955760384 1497
G 
1413394902005760512 1506
G 
1413394902055760384 1505
G 
1413394902105760512 1504
G 
1413394902155760384 1507
G 
1413394902205760512 1506
G 
1413394902255760384 1509
G 
1413394902305760512 1505
G 
1413394902355760384 1505
G 
1413394902405760512 1505
G 
1413394902455760384 1505
G 
1413394902505760512 1506
G 
1413394902555760384 1507
G 
1413394902605760512 1504
G 
1413394902655760384 1507
G 
1413394902705760512 1506
G 
1413394902755760384 1506
G 
1413394902805760512 1510
G 
1413394902855760384 1505
G 
1413394902905760512 1506
G 
1413394902955760384 1507
G 
1413394903055760384 1512
G 
1413394903155760384 1506
G 
1413394903255760384 1508
G 
1413394903355760384 1502
G 
1413394903455760384 1507
G 
1413394903555760384 1507
G 
1413394903605760512 1510
G 
1413394903655760384 1507
G 
1413394903705760512 1506
G 
1413394903755760384 1509
G 
1413394903805760512 1508
G 
1413394903855760384 1509
G 
1413394903905760512 1509
G 
1413394903955760384 1507
G 
1413394904005760512 1509
G 
1413394904055760384 1507
G 
1413394904105760512 1506
G 
1413394904155760384 1506
G 
1413394904205760512 1508
G 
1413394904255760384 1507
G 
1413394904305760512 1503
G 
1413394904355760384 1510
G 
1413394904405760512 1510
G 
1413394904455760384 1508
G 
1413394904505760512 1504
G 
1413394904555760384 1505
G 
1413394904605760512 1504
G 
1413394904655760384 1505
G 
1413394904705760512 1507
G 
1413394904755760384 1505
G 
1413394904805760512 1503
G 
1413394904855760384 1504
G 
1413394904905760512 1502
G 
1413394904955760384 1504
G 
1413394905005760512 1503
G 
1413394905055760384 1495
G 
1413394905105760512 1472
G 
1413394905155760384 1455
G 
1413394905205760512 1446
G 
1413394905255760384 1420
G 
1413394905305760512 1448
G 
1413394905355760384 1473
G 
1413394905405760512 1488
G 
1413394905455760384 1486
G 
1413394905505760512 1501
G 
1413394905555760384 1498
G 
1413394905605760512 1499
G 
1413394905655760384 1500
G 
1413394905705760512 1498
G 
1413394905755760384 1500
G 
1413394905805760512 1487
G 
1413394905855760384 1497
G 
1413394905905760512 1476
G 
1413394905955760384 1418
G 
1413394906005760512 1385
G 
1413394906055760384 1406
G 
1413394906105760512 1352
G 
1413394906155760384 1330
G 
1413394906205760512 1362
G 
1413394906255760384 1359
G 
1413394906305760512 1401
G 
1413394906355760384 1409
G 
1413394906405760512 1429
G 
1413394906455760384 1456
G 
1413394906505760512 1475
G 
1413394906555760384 1497
G 
1413394906605760512 1505
G 
1413394906655760384 1505
G 
1413394906705760512 1504
G 
1413394906755760384 1503
G 
1413394906805760512 1502
G 
1413394906855760384 1500
G 
1413394906905760512 1480
G 
1413394906955760384 1464
G 
1413394907005760512 1444
G 
1413394907055760384 1461
G 
1413394907105760512 1444
G 
1413394907155760384 1437
G 
1413394907205760512 1459
G 
1413394907255760384 1421
G 
1413394907305760512 1438
G 
1413394907355760384 1450
G 
1413394907405760512 1434
G 
1413394907455760384 1488
G 
1413394907505760512 1504
G 
1413394907555760384 1505
G 
1413394907605760512 1501
G 
1413394907655760384 1504
G 
1413394907705760512 1502
G 
1413394907755760384 1500
G 
1413394907805760512 1502
G 
1413394907855760384 1485
G 
1413394907905760512 1503
G 
1413394907955760384 1495
G 
1413394908005760512 1485
G 
1413394908055760384 1494
G 
1413394908105760512 1489
G 
1413394908155760384 1496
G 
1413394908205760512 1492
G 
1413394908255760384 1500
G 
1413394908305760512 1502
G 
1413394908355760384 1504
G 
1413394908405760512 1504
G 
1413394908455760384 1502
G 
1413394908505760512 1501
G 
1413394908555760384 1502
G 
1413394908605760512 1501
G 
1413394908655760384 1502
G 
1413394908705760512 1502
G 
1413394908755760384 1504
G 
1413394908805760512 1502
G 
1413394908855760384 1501
G 
1413394908905760512 1496
G 
1413394908955760384 1478
G 
1413394909005760512 1495
G 
1413394909055760384 1483
G 
1413394909105760512 1489
G 
1413394909155760384 1479
G 
1413394909205760512 1491
G 
1413394909255760384 1488
G 
1413394909305760512 1506
G 
1413394909355760384 1487
G 
1413394909405760512 1491
G 
1413394909455760384 1488
G 
1413394909505760512 1487
G 
1413394909555760384 1490
G 
1413394909605760512 1468
G 
1413394909655760384 1467
G 
1413394909705760512 1418
G 
1413394909755760384 1448
G 
1413394909805760512 1429
G 
1413394909855760384 1458
G 
1413394909905760512 1443
G 
1413394909955760384 1434
G 
1413394910005760512 1430
G 
1413394910055760384 1416
G 
1413394910105760512 1432
G 
1413394910155760384 1439
G 
1413394910205760512 1443
G 
1413394910255760384 1473
G 
1413394910305760512 1482
G 
1413394910355760384 1487
G 
1413394910405760512 1494
G 
1413394910455760384 1494
G 
1413394910505760512 1487
G 
1413394910555760384 1485
G 
1413394910605760512 1470
G 
1413394910655760384 1427
G 
1413394910705760512 1440
G 
1413394910755760384 1374
G 
1413394910805760512 1365
G 
1413394910855760384 1355
G 
1413394910905760512 1396
G 
1413394910955760384 1415
G 
1413394911005760512 1396
G 
1413394911055760384 1405
G 
1413394911105760512 1410
G 
1413394911155760384 1419
G 
1413394911205760512 1424
G 
1413394911255760384 1454
G 
1413394911305760512 1464
G 
1413394911355760384 1481
G 
1413394911405760512 1451
G 
1413394911455760384 1445
G 
1413394911505760512 1441
G 
1413394911555760384 1452
G 
1413394911605760512 1458
G 
1413394911655760384 1446
G 
1413394911705760512 1445
G 
1413394911755760384 1427
G 
1413394911805760512 1390
G 
1413394911855760384 1381
G 
1413394911905760512 1361
G 
1413394911955760384 1344
G 
1413394912005760512 1381
G 
1413394912055760384 1384
G 
1413394912105760512 1414
G 
1413394912155760384 1405
G 
1413394912205760512 1401
G 
1413394912255760384 1430
G 
1413394912305760512 1429
G 
1413394912355760384 1437
G 
1413394912405760512 1453
G 
1413394912455760384 1464
G 
1413394912505760512 1481
G 
1413394912555760384 1488
G 
1413394912605760512 1485
G 
1413394912655760384 1488
G 
1413394912705760512 1474
G 
1413394912755760384 1478
G 
1413394912805760512 1471
G 
1413394912855760384 1473
G 
1413394912905760512 1473
G 
1413394912955760384 1458
G 
1413394913005760512 1448
G 
1413394913055760384 1450
G 
1413394913105760512 1429
G 
1413394913155760384 1435
G 
1413394913205760512 1443
G 
1413394913255760384 1410
G 
1413394913305760512 1437
G 
1413394913355760384 1426
G 
1413394913405760512 1433
G 
1413394913455760384 1419
G 
1413394913505760512 1396
G 
1413394913555760384 1412
G 
1413394913605760512 1363
G 
1413394913655760384 1377
G 
1413394913705760512 1374
G 
1413394913755760384 1331
G 
1413394913805760512 1358
G 
1413394913855760384 1372
G 
1413394913905760512 1434
G 
1413394913955760384 1430
G 
1413394914005760512 1429
G 
1413394914055760384 1453
G 
1413394914105760512 1449
G 
1413394914155760384 1444
G 
1413394914205760512 1455
G 
1413394914255760384 1474
G 
1413394914305760512 1486
G 
1413394914355760384 1502
G 
1413394914405760512 1503
G 
1413394914455760384 1504
G 
1413394914505760512 1503
G 
1413394914555760384 1501
G 
1413394914605760512 1506
G 
1413394914655760384 1504
G 
1413394914705760512 1503
G 
1413394914755760384 1503
G 
1413394914805760512 1503
G 
1413394914855760384 1505
G 
1413394914905760512 1501
G 
1413394914955760384 1507
G 
1413394915005760512 1504
G 
1413394915055760384 1501
G 
1413394915105760512 1502
G 
1413394915155760384 1505
G 
1413394915205760512 1504
G 
1413394915255760384 1503
G 
1413394915305760512 1504
G 
1413394915355760384 1501
G 
1413394915405760512 1504
G 
1413394915455760384 1501
G 
1413394915505760512 1504
G 
1413394915555760384 1503
G 
1413394915605760512 1490
G 
1413394915655760384 1496
G 
1413394915705760512 1492
G 
1413394915755760384 1488
G 
1413394915805760512 1471
G 
1413394915855760384 1496
G 
1413394915905760512 1504
G 
1413394915955760384 1499
G 
1413394916005760512 1501
G 
1413394916055760384 1503
G 
1413394916105760512 1503
G 
1413394916155760384 1504
G 
1413394916205760512 1503
G 
1413394916255760384 1509
G 
1413394916305760512 1507
G 
1413394916355760384 1503
G 
1413394916405760512 1506
G 
1413394916455760384 1504
G 
1413394916505760512 1509
G 
1413394916555760384 1506
G 
1413394916605760512 1503
G 
1413394916655760384 1504
G 
1413394916705760512 1502
G 
1413394916755760384 1503
G 
1413394916855760384 1511
G 
1413394916955760384 1504
G 
1413394917055760384 1506
G 
1413394917155760384 1508
G 
1413394917255760384 1508
G 
1413394917355760384 1508
G 
1413394917455760384 1506
G 
1413394917555760384 1504
G 
1413394917655760384 1511
G 
1413394917755760384 1506
G 
1413394917855760384 1508
G 
1413394917955760384 1506
G 
1413394918055760384 1503
G 
1413394918155760384 1503
G 
1413394918255760384 1493
G 
1413394918355760384 1466
G 
1413394918455760384 1488
G 
1413394918555760384 1468
G 
1413394918655760384 1463
G 
1413394918755760384 1471
G 
1413394918855760384 1457
G 
1413394918955760384 1388
G 
1413394919055760384 1456
G 
1413394919155760384 1304
G 
1413394919255760384 1367
G 
1413394919355760384 1350
G 
1413394919455760384 1369
G 
1413394919555760384 1265
G 
1413394919655760384 1317
G 
1413394919755760384 1364
G 
1413394919855760384 1441
G 
1413394919955760384 1449
G 
1413394920055760384 1484
G 
1413394920155760384 1504
G 
1413394920255760384 1501
G 
1413394920355760384 1503
G 
1413394920455760384 1503
G 
1413394920555760384 1501
G 
1413394920655760384 1502
G 
1413394920755760384 1504
G 
1413394920855760384 1503
G 
1413394920955760384 1504
G 
1413394921055760384 1500
G 
1413394921155760384 1502
G 
1413394921255760384 1505
G 
1413394921355760384 1502
G 
1413394921455760384 1502
G 
1413394921555760384 1503
G 
1413394921655760384 1502
G 
1413394921755760384 1501
G 
1413394921855760384 1502
G 
1413394921955760384 1466
G 
1413394922055760384 1468
G 
1413394922155760384 1454
G 
1413394922255760384 1435
G 
1413394922355760384 1495
G 
1413394922455760384 1505
G 
1413394922555760384 1499
G 
1413394922655760384 1504
G 
1413394922755760384 1504
G 
1413394922855760384 1501
G 
1413394922955760384 1501
G 
1413394923055760384 1504
G 
1413394923155760384 1482
G 
1413394923255760384 1457
G 
1413394923355760384 1466
G 
1413394923455760384 1473
G 
1413394923555760384 1460
G 
1413394923655760384 1480
G 
1413394923755760384 1482
G 
1413394923855760384 1480
G 
1413394923955760384 1479
G 
1413394924055760384 1471
G 
1413394924155760384 1470
G 
1413394924255760384 1454
G 
1413394924355760384 1457
G 
1413394924455760384 1472
G 
1413394924555760384 1468
G 
1413394924655760384 1466
G 
1413394924755760384 1475
G 
1413394924855760384 1396
G 
1413394924905760512 1391
G 
1413394924955760384 1397
G 
1413394925005760512 1341
G 
1413394925055760384 1366
G 
1413394925105760512 1375
G 
1413394925155760384 1352
G 
1413394925205760512 1347
G 
1413394925255760384 1340
G 
1413394925305760512 1352
G 
1413394925355760384 1345
G 
1413394925405760512 1349
G 
1413394925455760384 1318
G 
1413394925505760512 1331
G 
1413394925555760384 1330
G 
1413394925605760512 1234
G 
1413394925655760384 1258
G 
1413394925705760512 1241
G 
1413394925755760384 1317
G 
1413394925805760512 1314
G 
1413394925855760384 1322
G 
1413394925905760512 1234
G 
1413394925955760384 1198
G 
1413394926005760512 1197
G 
1413394926055760384 1307
G 
1413394926105760512 1305
G 
1413394926155760384 1350
G 
1413394926205760512 1336
G 
1413394926255760384 1317
G 
1413394926305760512 1343
G 
1413394926355760384 1334
G 
1413394926405760512 1350
G 
1413394926455760384 1353
G 
1413394926505760512 1326
G 
1413394926555760384 1296
G 
1413394926605760512 1351
G 
1413394926655760384 1349
G 
1413394926705760512 1375
G 
1413394926755760384 1438
G 
1413394926805760512 1435
G 
1413394926855760384 1416
G 
1413394926905760512 1412
G 
1413394926955760384 1446
G 
1413394927005760512 1461
G 
1413394927055760384 1457
G 
1413394927105760512 1408
G 
1413394927155760384 1424
G 
1413394927205760512 1414
G 
1413394927255760384 1399
G 
1413394927305760512 1412
G 
1413394927355760384 1458
G 
1413394927405760512 1459
G 
1413394927455760384 1464
G 
1413394927505760512 1469
G 
1413394927555760384 1489
G 
1413394927605760512 1480
G 
1413394927655760384 1477
G 
1413394927705760512 1460
G 
1413394927755760384 1445
G 
1413394927805760512 1454
G 
1413394927855760384 1434
G 
1413394927905760512 1436
G 
1413394927955760384 1420
G 
1413394928005760512 1406
G 
1413394928055760384 1389
G 
1413394928105760512 1356
G 
1413394928155760384 1356
G 
1413394928205760512 1344
G 
1413394928255760384 1342
G 
1413394928305760512 1311
G 
1413394928355760384 1301
G 
1413394928405760512 1307
G 
1413394928455760384 1317
G 
1413394928505760512 1326
G 
1413394928555760384 1294
G 
1413394928605760512 1306
G 
1413394928655760384 1316
G 
1413394928705760512 1334
G 
1413394928755760384 1338
G 
1413394928805760512 1340
G 
1413394928855760384 1318
G 
1413394928905760512 1311
G 
1413394928955760384 1310
G 
1413394929005760512 1325
G 
1413394929055760384 1331
G 
1413394929105760512 1325
G 
1413394929155760384 1353
G 
1413394929205760512 1306
G 
1413394929255760384 1342
G 
1413394929305760512 1312
G 
1413394929355760384 1314
G 
1413394929405760512 1288
G 
1413394929455760384 1318
G 
1413394929505760512 1302
G 
1413394929555760384 1331
G 
1413394929605760512 1321
G 
1413394929655760384 1376
G 
1413394929705760512 1362
G 
1413394929755760384 1373
G 
1413394929805760512 1367
G 
1413394929855760384 1376
G 
1413394929905760512 1354
G 
1413394929955760384 1375
G 
1413394930005760512 1336
G 
1413394930055760384 1328
G 
1413394930105760512 1327
G 
1413394930155760384 1334
G 
1413394930205760512 1308
G 
1413394930255760384 1299
G 
1413394930305760512 1299
G 
1413394930355760384 1283
G 
1413394930405760512 1246
G 
1413394930455760384 1242
G 
1413394930505760512 1271
G 
1413394930555760384 1295
G 
1413394930605760512 1327
G 
1413394930655760384 1330
G 
1413394930705760512 1346
G 
1413394930755760384 1383
G 
1413394930805760512 1335
G 
1413394930855760384 1332
G 
1413394930905760512 1355
G 
1413394930955760384 1387
G 
1413394931005760512 1285
G 
1413394931055760384 1300
G 
1413394931105760512 1329
G 
1413394931155760384 1314
G 
1413394931205760512 1342
G 
1413394931255760384 1323
G 
1413394931305760512 1307
G 
1413394931355760384 1313
G 
1413394931405760512 1274
G 
1413394931455760384 1280
G 
1413394931505760512 1283
G 
1413394931555760384 1316
G 
1413394931605760512 1317
G 
1413394931655760384 1366
G 
1413394931705760512 1331
G 
1413394931755760384 1334
G 
1413394931805760512 1330
G 
1413394931855760384 1319
G 
1413394931905760512 1303
G 
1413394931955760384 1314
G 
1413394932005760512 1278
G 
1413394932055760384 1239
G 
1413394932105760512 1212
G 
1413394932155760384 1259
G 
1413394932205760512 1271
G 
1413394932255760384 1297
G 
1413394932305760512 1352
B 
1413394932355760384 1418
B 
1413394932405760512 1409
B 
1413394932455760384 1418
B 
1413394932505760512 1416
B 
1413394932555760384 1428
B 
1413394932605760512 1455
B 
1413394932655760384 1464
B 
1413394932705760512 1473
B 
1413394932755760384 1476
B 
1413394932805760512 1490
B 
1413394932855760384 1502
B 
1413394932905760512 1508
B 
1413394932955760384 1507
B 
1413394933005760512 1502
B 
1413394933055760384 1504
B 
1413394933105760512 1503
B 
1413394933155760384 1505
B 
1413394933205760512 1503
B 
1413394933255760384 1502
B 
1413394933305760512 1504
B 
1413394933355760384 1502
B 
1413394933405760512 1504
B 
1413394933455760384 1507
B 
1413394933505760512 1503
B 
1413394933555760384 1503
B 
1413394933605760512 1502
B 
1413394933655760384 1503
B 
1413394933705760512 1504
B 
1413394933755760384 1503
B 
1413394933805760512 1502
B 
1413394933855760384 1504
B 
1413394933905760512 1508
B 
1413394933955760384 1504
B 
1413394934005760512 1503
B 
1413394934055760384 1508
B 
1413394934105760512 1505
B 
1413394934155760384 1504
B 
1413394934205760512 1503
B 
1413394934255760384 1501
B 
1413394934305760512 1503
B 
1413394934355760384 1506
B 
1413394934405760512 1506
B 
1413394934455760384 1504
B 
1413394934505760512 1503
B 
1413394934555760384 1505
B 
1413394934605760512 1506
B 
1413394934655760384 1506
B 
1413394934705760512 1504
B 
1413394934755760384 1505
B 
1413394934805760512 1505
B 
1413394934855760384 1507
B 
1413394934905760512 1509
B 
1413394934955760384 1508
B 
1413394935005760512 1505
B 
1413394935055760384 1503
B 
1413394935105760512 1510
B 
1413394935155760384 1503
B 
1413394935205760512 1506
B 
1413394935255760384 1507
B 
1413394935305760512 1507
B 
1413394935355760384 6839
1413394935405760512 6821
1413394935455760384 6802
1413394935505760512 1506
G 
1413394935555760384 1504
G 
1413394935605760512 1501
G 
1413394935655760384 1509
G 
1413394935705760512 1504
G 
1413394935755760384 1508
G 
1413394935805760512 1504
G 
1413394935855760384 1502
G 
1413394935905760512 1508
G 
1413394935955760384 1505
G 
1413394936005760512 1506
G 
1413394936055760384 1507
G 
1413394936105760512 1508
G 
1413394936205760512 1506
G 
1413394936255760384 1504
G 
1413394936305760512 1504
G 
1413394936405760512 1508
G 
1413394936505760512 1505
G 
1413394936605760512 1508
G 
1413394936705760512 1505
G 
1413394936805760512 1502
G 
1413394936905760512 1492
G 
1413394937005760512 1462
G 
1413394937105760512 1391
G 
1413394937205760512 1348
G 
1413394937255760384 1338
G 
1413394937305760512 1335
G 
1413394937355760384 1430
G 
1413394937455760384 1479
G 
1413394937555760384 1491
G 
1413394937655760384 1496
G 
1413394937755760384 1503
G 
1413394937855760384 1505
G 
1413394937955760384 1503
G 
1413394938055760384 1506
G 
1413394938155760384 1505
G 
1413394938255760384 1502
G 
1413394938355760384 1501
G 
1413394938455760384 1502
G 
1413394938555760384 1503
G 
1413394938655760384 1503
G 
1413394938755760384 1504
G 
1413394938855760384 1504
G 
1413394938955760384 1503
G 
1413394939055760384 1504
G 
1413394939155760384 1505
G 
1413394939255760384 1503
G 
1413394939355760384 1507
G 
1413394939455760384 1503
G 
1413394939555760384 1503
G 
1413394939655760384 1507
G 
1413394939755760384 1504
G 
1413394939855760384 1503
G 
1413394939955760384 1508
G 
1413394940055760384 1505
G 
1413394940155760384 1505
G 
1413394940255760384 1502
G 
1413394940355760384 1506
G 
1413394940455760384 1506
G 
1413394940555760384 1505
G 
1413394940655760384 1507
G 
1413394940755760384 1503
G 
1413394940855760384 1504
G 
1413394940955760384 1507
G 
1413394941005760512 1507
G 
1413394941055760384 1507
G 
1413394941105760512 1508
G 
1413394941205760512 1508
G 
1413394941305760512 1507
G 
1413394941405760512 1510
G 
1413394941505760512 1505
G 
1413394941605760512 1505
G 
1413394941705760512 1505
G 
1413394941755760384 1506
G 
1413394941805760512 1508
G 
1413394941855760384 1504
G 
1413394941905760512 1505
G 
1413394941955760384 1509
G 
1413394942005760512 1503
G 
1413394942055760384 1507
G 
1413394942105760512 1508
G 
1413394942155760384 1510
G 
1413394942205760512 1504
G 
1413394942255760384 1507
G 
1413394942305760512 1506
G 
1413394942355760384 1508
G 
1413394942405760512 1506
G 
1413394942455760384 1506
G 
1413394942505760512 1505
G 
1413394942555760384 1505
G 
1413394942605760512 1506
G 
1413394942655760384 1504
G 
1413394942705760512 1502
G 
1413394942755760384 1507
G 
1413394942805760512 1500
G 
1413394942855760384 1503
G 
1413394942905760512 1504
G 
1413394942955760384 1503
G 
1413394943005760512 1502
G 
1413394943055760384 1506
G 
1413394943105760512 1499
G 
1413394943155760384 1505
G 
1413394943205760512 1491
G 
1413394943255760384 1475
G 
1413394943305760512 1462
G 
1413394943355760384 1460
G 
1413394943405760512 1452
G 
1413394943455760384 1473
G 
1413394943505760512 1472
G 
1413394943555760384 1486
G 
1413394943605760512 1493
G 
1413394943655760384 1499
G 
1413394943705760512 1500
G 
1413394943755760384 1501
G 
1413394943805760512 1502
G 
1413394943855760384 1501
G 
1413394943905760512 1501
G 
1413394943955760384 1504
G 
1413394944005760512 1503
G 
1413394944055760384 1494
G 
1413394944105760512 1500
G 
1413394944155760384 1492
G 
1413394944205760512 1499
G 
1413394944255760384 1500
G 
1413394944305760512 1492
G 
1413394944355760384 1502
G 
1413394944405760512 1496
G 
1413394944455760384 1495
G 
1413394944505760512 1502
G 
1413394944555760384 1502
G 
1413394944605760512 1504
G 
1413394944655760384 1505
G 
1413394944705760512 1503
G 
1413394944755760384 1505
G 
1413394944805760512 1503
G 
1413394944855760384 1504
G 
1413394944905760512 1504
G 
1413394944955760384 1502
G 
1413394945005760512 1502
G 
1413394945055760384 1504
G 
1413394945105760512 1502
G 
1413394945155760384 1505
G 
1413394945205760512 1503
G 
1413394945255760384 1502
G 
1413394945305760512 1508
G 
1413394945355760384 1504
G 
1413394945405760512 1505
G 
1413394945455760384 1506
G 
1413394945505760512 1505
G 
1413394945555760384 1503
G 
1413394945605760512 1501
G 
1413394945655760384 1501
G 
1413394945705760512 1500
G 
1413394945755760384 1504
G 
1413394945805760512 1501
G 
1413394945855760384 1501
G 
1413394945905760512 1503
G 
1413394945955760384 1505
G 
1413394946005760512 1502
G 
1413394946055760384 1505
G 
1413394946155760384 1504
G 
1413394946205760512 1507
G 
1413394946255760384 1504
G 
1413394946355760384 1503
G 
1413394946455760384 1506
G 
1413394946555760384 1505
G 
1413394946655760384 1504
G 
1413394946755760384 1503
G 
1413394946855760384 1504
G 
1413394946955760384 1505
B 
1413394947055760384 1505
B 
1413394947155760384 1503
B 
1413394947255760384 1503
B 
1413394947355760384 1503
B 
1413394947455760384 1506
B 
1413394947555760384 1508
B 
1413394947655760384 1505
B 
1413394947755760384 1506
B 
1413394947855760384 1505
B 
1413394947955760384 1507
B 
1413394948055760384 1506
B 
1413394948155760384 1504
B 
1413394948255760384 1504
B 
1413394948355760384 1502
B 
1413394948455760384 1490
B 
1413394948555760384 1468
B 
1413394948655760384 1444
B 
1413394948755760384 1426
B 
1413394948855760384 1419
B 
1413394948955760384 1446
B 
1413394949055760384 1474
B 
1413394949155760384 1501
B 
1413394949255760384 1505
B 
1413394949355760384 1508
B 
1413394949455760384 1501
B 
1413394949555760384 1495
B 
1413394949655760384 1478
B 
1413394949755760384 1410
B 
1413394949855760384 1350
B 
1413394949955760384 1271
B 
1413394950055760384 3865
1413394950155760384 4029
1413394950255760384 4250
1413394950355760384 4480
1413394950455760384 4901
1413394950555760384 5401
1413394950655760384 4685
1413394950755760384 4058
1413394950855760384 4041
1413394950955760384 3916
1413394951055760384 3909
1413394951155760384 3989
1413394951255760384 4148
1413394951355760384 4239
1413394951455760384 4270
1413394951555760384 4402
1413394951655760384 5027
1413394951755760384 5748
1413394951855760384 4109
1413394951955760384 4267
1413394952055760384 4208
1413394952155760384 4317
1413394952255760384 4569
1413394952355760384 4429
1413394952455760384 4362
1413394952555760384 4560
1413394952655760384 4774
1413394952755760384 4604
1413394952855760384 4276
1413394952955760384 4297
1413394953055760384 4453
1413394953155760384 4484
1413394953255760384 4620
1413394953355760384 4467
1413394953455760384 4438
1413394953555760384 4297
1413394953655760384 4226
1413394953755760384 4311
1413394953855760384 4411
1413394953955760384 4741
1413394954055760384 4483
1413394954155760384 4618
1413394954255760384 4502
1413394954355760384 4640
1413394954455760384 4474
1413394954555760384 4512
1413394954655760384 4652
1413394954755760384 4667
1413394954855760384 5487
1413394954955760384 4734
1413394955055760384 4885
1413394955155760384 4680
1413394955255760384 4564
1413394955355760384 4838
1413394955455760384 4532
1413394955555760384 4306
1413394955655760384 4023
1413394955755760384 4415
1413394955855760384 4581
1413394955905760512 4345
1413394955955760384 4397
1413394956005760512 4289
1413394956105760512 4388
1413394956205760512 4533
1413394956305760512 4463
1413394956405760512 4079
1413394956505760512 3977
1413394956605760512 4010
1413394956655760384 3925
1413394956705760512 4184
1413394956755760384 4244
1413394956805760512 4524
1413394956855760384 4888
1413394956905760512 4542
1413394956955760384 4391
1413394957005760512 4219
1413394957055760384 3925
1413394957105760512 3663
1413394957155760384 3735
1413394957205760512 3621
1413394957255760384 3674
1413394957305760512 3606
1413394957355760384 3687
1413394957405760512 3817
1413394957455760384 3775
1413394957505760512 3719
1413394957555760384 3539
1413394957605760512 3636
1413394957655760384 1409
B 
1413394957705760512 3625
1413394957755760384 3576
1413394957805760512 1495
G 
1413394957855760384 1505
G 
1413394957905760512 1505
G 
1413394957955760384 1502
G 
1413394958005760512 1493
G 
1413394958055760384 1483
G 
1413394958105760512 1431
G 
1413394958155760384 1403
G 
1413394958205760512 1431
G 
1413394958255760384 1439
G 
1413394958305760512 1423
G 
1413394958355760384 1411
G 
1413394958405760512 1425
G 
1413394958455760384 1425
G 
1413394958505760512 1456
G 
1413394958555760384 1482
G 
1413394958605760512 1496
G 
1413394958655760384 1505
G 
1413394958705760512 1507
G 
1413394958755760384 1502
G 
1413394958805760512 1504
G 
1413394958855760384 1504
G 
1413394958905760512 1505
G 
1413394958955760384 1504
G 
1413394959005760512 1500
G 
1413394959055760384 1507
G 
1413394959105760512 1505
G 
1413394959155760384 1502
G 
1413394959205760512 1490
G 
1413394959255760384 1484
G 
1413394959305760512 1464
G 
1413394959355760384 1450
G 
1413394959405760512 1486
G 
1413394959455760384 1472
G 
1413394959505760512 1492
G 
1413394959555760384 1493
G 
1413394959605760512 1504
G 
1413394959655760384 1503
G 
1413394959705760512 1502
G 
1413394959755760384 1501
G 
1413394959805760512 1505
G 
1413394959855760384 1502
G 
1413394959905760512 1492
G 
1413394959955760384 1487
G 
1413394960005760512 1473
G 
1413394960055760384 1452
G 
1413394960105760512 1393
G 
1413394960155760384 1373
G 
1413394960205760512 1321
G 
1413394960255760384 1302
G 
1413394960305760512 1300
G 
1413394960355760384 1333
G 
1413394960405760512 1352
G 
1413394960455760384 1401
G 
1413394960505760512 1433
G 
1413394960555760384 1478
G 
1413394960605760512 1475
G 
1413394960655760384 1480
G 
1413394960705760512 1485
G 
1413394960755760384 1490
G 
1413394960805760512 1487
G 
1413394960855760384 1467
G 
1413394960905760512 1462
G 
1413394960955760384 1430
G 
1413394961005760512 1382
G 
1413394961055760384 1390
G 
1413394961105760512 1394
G 
1413394961155760384 1365
G 
1413394961205760512 1376
G 
1413394961255760384 1383
G 
1413394961305760512 1391
G 
1413394961355760384 1433
G 
1413394961405760512 1450
G 
1413394961455760384 1456
G 
1413394961505760512 1464
G 
1413394961555760384 1469
G 
1413394961605760512 1447
G 
1413394961655760384 1431
G 
1413394961705760512 1339
G 
1413394961755760384 1292
G 
1413394961805760512 1308
G 
1413394961855760384 1269
G 
1413394961905760512 1286
G 
1413394961955760384 1260
G 
1413394962005760512 1278
G 
1413394962055760384 1282
G 
1413394962105760512 1300
G 
1413394962155760384 1352
G 
1413394962205760512 1364
G 
1413394962255760384 1386
G 
1413394962305760512 1379
G 
1413394962355760384 1382
G 
1413394962405760512 1383
G 
1413394962455760384 1344
G 
1413394962505760512 1280
G 
1413394962555760384 1278
G 
1413394962605760512 1234
G 
1413394962655760384 1192
G 
1413394962705760512 1215
G 
1413394962755760384 1273
G 
1413394962805760512 1266
G 
1413394962855760384 1349
G 
1413394962905760512 1351
G 
1413394962955760384 1351
G 
1413394963005760512 1346
G 
1413394963055760384 1367
G 
1413394963105760512 1366
G 
1413394963155760384 1321
G 
1413394963205760512 1302
G 
1413394963255760384 1288
G 
1413394963305760512 1319
G 
1413394963355760384 1384
G 
1413394963405760512 1365
G 
1413394963455760384 1395
G 
1413394963505760512 1431
G 
1413394963555760384 1429
G 
1413394963605760512 1456
G 
1413394963655760384 1463
G 
1413394963705760512 1447
G 
1413394963755760384 1443
G 
1413394963805760512 1448
G 
1413394963855760384 1429
G 
1413394963905760512 1415
G 
1413394963955760384 1389
G 
1413394964005760512 1399
G 
1413394964055760384 1446
G 
1413394964105760512 1486
G 
1413394964155760384 1490
G 
1413394964205760512 1486
G 
1413394964255760384 1486
G 
1413394964305760512 1490
G 
1413394964355760384 1501
G 
1413394964405760512 1498
G 
1413394964455760384 1498
G 
1413394964505760512 1479
G 
1413394964555760384 1464
G 
1413394964605760512 1482
G 
1413394964655760384 1498
G 
1413394964705760512 1501
G 
1413394964755760384 1504
G 
1413394964805760512 1503
G 
1413394964855760384 1501
G 
1413394964905760512 1490
G 
1413394964955760384 1501
G 
1413394965005760512 1493
G 
1413394965055760384 1490
G 
1413394965105760512 1505
G 
1413394965155760384 1502
G 
1413394965205760512 1498
G 
1413394965255760384 1490
G 
1413394965305760512 1472
G 
1413394965355760384 1469
G 
1413394965405760512 1469
G 
1413394965455760384 1486
G 
1413394965505760512 1493
G 
1413394965555760384 1501
G 
1413394965605760512 1503
G 
1413394965655760384 1475
G 
1413394965705760512 1494
G 
1413394965755760384 1458
G 
1413394965805760512 1438
G 
1413394965855760384 1453
G 
1413394965905760512 1478
G 
1413394965955760384 1482
G 
1413394966005760512 1485
G 
1413394966055760384 1491
G 
1413394966105760512 1496
G 
1413394966155760384 1502
G 
1413394966205760512 1500
G 
1413394966255760384 1506
G 
1413394966305760512 1502
G 
1413394966355760384 1504
G 
1413394966405760512 1502
G 
1413394966455760384 1503
G 
1413394966505760512 1504
G 
1413394966555760384 1502
G 
1413394966605760512 1505
G 
1413394966655760384 1503
G 
1413394966705760512 1502
G 
1413394966755760384 1506
G 
1413394966805760512 1491
G 
1413394966855760384 1499
G 
1413394966905760512 1495
G 
1413394966955760384 1491
G 
1413394967005760512 1501
G 
1413394967055760384 1505
G 
1413394967105760512 1502
G 
1413394967155760384 1501
G 
1413394967205760512 1504
G 
1413394967255760384 1503
G 
1413394967305760512 1506
G 
1413394967355760384 1502
G 
1413394967405760512 1504
G 
1413394967455760384 1502
G 
1413394967505760512 1502
G 
1413394967555760384 1504
G 
1413394967605760512 1507
G 
1413394967655760384 1502
G 
1413394967705760512 1506
G 
1413394967755760384 1507
G 
1413394967805760512 1506
G 
1413394967855760384 1511
G 
1413394967905760512 1508
G 
1413394967955760384 1505
G 
1413394968005760512 1510
G 
1413394968055760384 1505
G 
1413394968105760512 1509
G 
1413394968155760384 1504
G 
1413394968205760512 1507
G 
1413394968255760384 1508
G 
1413394968305760512 1506
G 
1413394968355760384 1505
G 
1413394968405760512 1509
G 
1413394968455760384 1509
G 
1413394968505760512 1506
G 
1413394968555760384 1505
G 
1413394968605760512 1507
G 
1413394968655760384 1510
G 
1413394968705760512 1507
G 
1413394968755760384 1508
G 
1413394968805760512 1512
G 
1413394968855760384 1507
G 
1413394968905760512 1512
G 
1413394968955760384 1507
G 
1413394969005760512 1506
G 
1413394969055760384 1508
G 
1413394969155760384 1507
G 
1413394969255760384 1509
G 
1413394969355760384 1507
G 
1413394969455760384 1503
G 
1413394969555760384 1508
G 
1413394969655760384 1505
G 
1413394969755760384 1506
G 
1413394969855760384 1506
G 
1413394969955760384 1504
G 
1413394970055760384 1506
G 
1413394970155760384 1505
G 
1413394970255760384 1508
G 
1413394970355760384 1507
G 
1413394970455760384 1510
G 
1413394970555760384 1505
G 
1413394970655760384 1509
G 
1413394970755760384 1507
G 
1413394970855760384 1507
G 
1413394970955760384 1505
G 
1413394971055760384 1508
G 
1413394971155760384 1506
G 
1413394971255760384 1506
G 
1413394971355760384 1505
G 
1413394971455760384 1502
G 
1413394971555760384 1506
G 
1413394971655760384 1503
G 
1413394971755760384 1507
G 
1413394971855760384 1506
G 
1413394971955760384 1507
G 
1413394972055760384 1508
G 
1413394972155760384 1507
G 
1413394972255760384 1506
G 
1413394972355760384 1505
G 
1413394972455760384 1505
G 
1413394972555760384 1507
G 
1413394972655760384 1505
G 
1413394972755760384 1507
G 
1413394972855760384 1507
G 
1413394972955760384 1504
G 
1413394973005760512 1507
G 
1413394973055760384 1506
G 
1413394973105760512 1504
G 
1413394973155760384 1502
G 
1413394973205760512 1500
G 
1413394973255760384 1505
G 
1413394973305760512 1504
G 
1413394973355760384 1505
G 
1413394973405760512 1502
G 
1413394973455760384 1503
G 
1413394973505760512 1501
G 
1413394973555760384 1501
G 
1413394973605760512 1503
G 
1413394973655760384 1504
G 
1413394973705760512 1502
G 
1413394973755760384 1501
G 
1413394973805760512 1504
G 
1413394973855760384 1490
G 
1413394973905760512 1500
G 
1413394973955760384 1502
G 
1413394974005760512 1503
G 
1413394974055760384 1500
G 
1413394974105760512 1502
G 
1413394974155760384 1500
G 
1413394974205760512 1504
G 
1413394974255760384 1506
G 
1413394974305760512 1501
G 
1413394974355760384 1503
G 
1413394974405760512 1505
G 
1413394974455760384 1506
G 
1413394974505760512 1504
G 
1413394974555760384 1501
G 
1413394974605760512 1505
G 
1413394974655760384 1502
G 
1413394974705760512 1505
G 
1413394974755760384 1502
G 
1413394974805760512 1502
G 
1413394974855760384 1503
G 
1413394974905760512 1500
G 
1413394974955760384 1503
G 
1413394975005760512 1503
G 
1413394975055760384 1504
G 
1413394975105760512 1504
G 
1413394975155760384 1503
G 
1413394975205760512 1504
G 
1413394975255760384 1504
G 
1413394975305760512 1507
G 
1413394975355760384 1510
G 
1413394975405760512 1504
G 
1413394975455760384 1506
G 
1413394975505760512 1505
G 
1413394975555760384 1508
G 
1413394975605760512 1504
G 
1413394975655760384 1502
G 
1413394975755760384 1511
G 
1413394975805760512 1504
G 
1413394975855760384 1504
G 
1413394975955760384 1505
G 
1413394976055760384 1507
G 
1413394976155760384 1503
G 
1413394976255760384 1506
G 
1413394976355760384 1507
G 
1413394976455760384 1505
G 
1413394976505760512 1504
G 
1413394976605760512 1507
G 
1413394976705760512 1504
G 
1413394976755760384 1504
G 
1413394976805760512 1502
G 
1413394976855760384 1504
G 
1413394976905760512 1506
G 
1413394976955760384 1507
G 
1413394977005760512 1501
G 
1413394977105760512 1505
G 
1413394977155760384 1506
G 
1413394977205760512 1506
G 
1413394977305760512 1504
G 
1413394977405760512 1505
G 
1413394977505760512 1507
G 
1413394977605760512 1507
G 
1413394977705760512 1504
G 
1413394977805760512 1506
G 
1413394977905760512 1503
G 
1413394978005760512 1500
G 
1413394978105760512 1502
G 
1413394978155760384 1503
G 
1413394978205760512 1505
G 
1413394978255760384 1507
G 
1413394978305760512 1504
G 
1413394978355760384 1503
G 
1413394978405760512 1502
G 
1413394978455760384 1500
G 
1413394978505760512 1504
G 
1413394978555760384 1502
G 
1413394978605760512 1505
G 
1413394978655760384 1502
G 
1413394978705760512 1503
G 
1413394978755760384 1503
G 
1413394978805760512 1497
G 
1413394978855760384 1493
G 
1413394978905760512 1492
G 
1413394978955760384 1499
G 
1413394979005760512 1495
G 
1413394979055760384 1480
G 
1413394979105760512 1476
G 
1413394979155760384 1456
G 
1413394979205760512 1431
G 
1413394979255760384 1413
G 
1413394979305760512 1370
G 
1413394979355760384 1321
G 
1413394979405760512 1308
G 
1413394979455760384 1296
G 
1413394979505760512 1315
LOOP
G 
1413394979555760384 1331
G 
1413394979605760512 1367
G 
1413394979655760384 1380
G 
1413394979705760512 1359
G 
1413394979755760384 1301
G 
1413394979805760512 1175
G 
1413394979855760384 1153
G 
1413394979905760512 1260
G 
1413394979955760384 1368
G 
1413394980005760512 1427
G 
1413394980055760384 1457
G 
1413394980105760512 1456
G 
1413394980155760384 1446
G 
1413394980205760512 1442
G 
1413394980255760384 1449
G 
1413394980305760512 1444
G 
1413394980355760384 1439
G 
1413394980405760512 1443
G 
1413394980455760384 1439
G 
1413394980505760512 1460
G 
1413394980555760384 1475
G 
1413394980605760512 1485
G 
1413394980655760384 1480
G 
1413394980705760512 1498
G 
1413394980755760384 1499
G 
1413394980805760512 1502
G 
1413394980855760384 1502
G 
1413394980905760512 1503
G 
1413394980955760384 1498
G 
1413394981005760512 1506
G 
1413394981055760384 1499
G 
1413394981105760512 1501
G 
1413394981155760384 1506
G 
1413394981205760512 1505
G 
1413394981255760384 1504
G 
1413394981305760512 1504
G 
1413394981355760384 1502
G 
1413394981405760512 1500
G 
1413394981455760384 1503
G 
1413394981505760512 1503
G 
1413394981555760384 1503
G 
1413394981605760512 1503
G 
1413394981655760384 1505
G 
1413394981705760512 1506
G 
1413394981755760384 1502
G 
1413394981805760512 1502
G 
1413394981855760384 1504
G 
1413394981905760512 1504
G 
1413394981955760384 1506
G 
1413394982005760512 1505
G 
1413394982055760384 1505
G 
1413394982105760512 1507
G 
1413394982155760384 1506
G 
1413394982205760512 1506
G 
1413394982255760384 1503
G 
1413394982305760512 1503
G 
1413394982355760384 1501
G 
1413394982405760512 1503
G 
1413394982455760384 1504
G 
1413394982505760512 1504
G 
1413394982555760384 1502
G 
1413394982605760512 1503
G 
1413394982655760384 1501
G 
1413394982705760512 1502
G 
1413394982755760384 1501
G 
1413394982805760512 1504
G 
1413394982855760384 1503
G 
1413394982905760512 1504
G 
1413394983005760512 1503
G 
1413394983105760512 1501
G 
1413394983205760512 1504
G 
1413394983305760512 1501
G 
1413394983405760512 1501
G 
1413394983505760512 1502
B 
1413394983605760512 1505
B 
1413394983705760512 1504
B 
1413394983805760512 1501
B 
1413394983905760512 1504
B 
1413394984005760512 1504
B 
1413394984105760512 1498
B 
1413394984205760512 1490
B 
1413394984305760512 1498
B 
1413394984405760512 1494
B 
1413394984505760512 1492
B 
1413394984605760512 1497
B 
1413394984705760512 1501
B 
1413394984805760512 1500
B 
1413394984905760512 1501
B 
1413394985005760512 1496
B 
1413394985105760512 1504
B 
1413394985205760512 1501
B 
1413394985305760512 1503
B 
1413394985405760512 1504
B 
1413394985505760512 1501
B 
1413394985605760512 1502
B 
1413394985705760512 1501
B 
1413394985805760512 1500
B 
1413394985905760512 1492
B 
1413394986005760512 1490
B 
1413394986105760512 1480
B 
1413394986205760512 1456
B 
1413394986305760512 1434
B 
1413394986405760512 1405
B 
1413394986505760512 1397
B 
1413394986605760512 3525
1413394986705760512 3427
1413394986805760512 3581
1413394986905760512 3478
1413394987005760512 3606
1413394987105760512 3641
1413394987205760512 3687
1413394987305760512 3404
1413394987405760512 3457
1413394987505760512 3448
1413394987605760512 3378
1413394987705760512 3546
1413394987805760512 3580
1413394987905760512 3665
1413394988005760512 3739
1413394988105760512 3857
1413394988205760512 3677
1413394988305760512 3654
1413394988405760512 3600
1413394988505760512 3805
1413394988605760512 3437
1413394988705760512 3510
1413394988805760512 3606
1413394988905760512 3493
1413394989005760512 3505
1413394989105760512 3514
1413394989205760512 3695
1413394989305760512 3740
1413394989405760512 3941
1413394989505760512 4043
1413394989605760512 3978
1413394989705760512 3735
1413394989805760512 3379
1413394989905760512 3489
1413394990005760512 3377
1413394990105760512 3927
1413394990155760384 3985
1413394990205760512 4209
1413394990255760384 3933
1413394990355760384 3557
1413394990405760512 3545
1413394990455760384 3484
1413394990505760512 3554
1413394990555760384 3563
1413394990605760512 3667
1413394990655760384 3488
1413394990705760512 3722
1413394990755760384 4142
1413394990805760512 4056
1413394990855760384 4101
1413394990905760512 4259
1413394990955760384 4385
1413394991005760512 4371
1413394991055760384 4406
1413394991105760512 4335
1413394991155760384 4512
1413394991205760512 4627
1413394991255760384 4854
1413394991305760512 4731
1413394991355760384 4874
1413394991405760512 4979
1413394991455760384 4890
1413394991505760512 4588
1413394991555760384 4632
1413394991605760512 4599
1413394991655760384 4467
1413394991705760512 4350
1413394991755760384 4322
1413394991805760512 4363
1413394991855760384 4158
1413394991905760512 4162
1413394991955760384 4280
1413394992005760512 4235
1413394992055760384 4230
1413394992105760512 4178
1413394992155760384 4052
1413394992205760512 4539
1413394992255760384 4182
1413394992305760512 4535
1413394992355760384 4520
1413394992405760512 4421
1413394992455760384 4364
1413394992505760512 4513
1413394992555760384 4663
1413394992605760512 4844
1413394992655760384 4699
1413394992705760512 4661
1413394992755760384 4506
1413394992805760512 4534
1413394992855760384 4368
1413394992905760512 4261
1413394992955760384 1502
G 
1413394993005760512 1501
G 
1413394993055760384 1504
G 
1413394993105760512 1503
G 
1413394993155760384 1502
G 
1413394993205760512 1501
G 
1413394993255760384 1504
G 
1413394993305760512 1501
G 
1413394993355760384 1503
G 
1413394993405760512 1503
G 
1413394993455760384 1502
G 
1413394993505760512 1504
G 
1413394993555760384 1503
G 
1413394993605760512 1503
G 
1413394993655760384 1504
G 
1413394993705760512 1503
G 
1413394993755760384 1502
G 
1413394993805760512 1501
G 
1413394993855760384 1505
G 
1413394993905760512 1504
G 
1413394993955760384 1503
G 
1413394994005760512 1503
G 
1413394994055760384 1502
G 
1413394994105760512 1504
G 
1413394994155760384 1502
G 
1413394994205760512 1502
G 
1413394994305760512 1502
G 
1413394994405760512 1500
G 
1413394994505760512 1506
G 
1413394994605760512 1506
G 
1413394994705760512 1504
G 
1413394994805760512 1502
G 
1413394994905760512 1503
G 
1413394995005760512 1501
G 
1413394995105760512 1503
G 
1413394995205760512 1509
G 
1413394995305760512 1502
G 
1413394995405760512 1502
G 
1413394995505760512 1507
G 
1413394995605760512 1513
G 
1413394995705760512 1509
G 
1413394995805760512 1503
G 
1413394995905760512 1507
G 
1413394996005760512 1508
B 
1413394996105760512 1508
B 
1413394996205760512 1505
B 
1413394996305760512 1508
B 
1413394996405760512 1509
B 
1413394996505760512 1502
B 
1413394996605760512 1506
B 
1413394996705760512 1507
B 
1413394996805760512 1509
B 
1413394996905760512 1506
B 
1413394997005760512 1511
B 
1413394997105760512 1510
B 
1413394997205760512 1510
B 
1413394997305760512 1506
B 
1413394997405760512 1507
B 
1413394997505760512 1508
B 
1413394997605760512 1507
B 
1413394997705760512 1508
B 
1413394997805760512 1506
B 
1413394997905760512 1505
B 
1413394998005760512 1505
B 
1413394998105760512 1508
B 
1413394998205760512 1507
B 
1413394998305760512 1509
B 
